Case 0:
[5.786505994365143e-07, 3.4897315345006064e-05, 0.000184705582796596, 1.4470659337462166e-08, 1.4201351916653948e-07, 5.085940301796654e-06, 3.045246614874486e-07, 1.2575870345088447e-09, 3.347012250687342e-11, 2.826792799837108e-09, 2.086088191077806e-09, 1.348236935427849e-07, 0.9995890259742737, 2.4512560230505187e-06, 4.673839839597349e-07, 3.0753097846059063e-09, 1.1040971912734676e-05, 1.7098672699944473e-08, 2.4278348220718726e-08, 7.100801013848468e-08, 3.2176933473238023e-06, 1.2863575875599054e-06, 6.0824798531200486e-09, 5.266601377229563e-08, 1.3199228376947758e-08, 7.19711806596024e-07, 0.00013398549344856292, 2.6735169633695932e-09, 4.238940221057419e-07, 7.039870020264516e-09, 4.382381575851468e-06, 3.3568336998968107e-10, 3.75573279143282e-07, 1.3205909453972708e-05, 5.631330168398563e-06, 1.970357876857065e-09, 2.5182057470374275e-06, 2.99685382287862e-07, 1.5652110505470773e-06, 5.2784880466560935e-08, 7.504584176309947e-10, 1.4468561460034834e-08, 3.2694649689801736e-06, 1.1203145078297894e-09, 2.3191450537751734e-08, 1.7222782089376665e-09, 1.6944734504420467e-10]
Max probability is: 0.999589
Classes with max probability: [12]
Case 1:
[1.6023672666509725e-10, 3.571719864314815e-10, 1.444178536758045e-07, 3.278309304732829e-05, 2.321083464318363e-10, 3.473140663956542e-09, 1.2453289510716559e-09, 2.959197997753904e-09, 2.0726248495250843e-10, 8.938599860286445e-10, 1.260602910946318e-08, 6.520118223107829e-09, 2.9703539894399e-06, 1.3631154160975711e-07, 1.5366683925321922e-08, 7.039454436030823e-11, 8.778093615546823e-06, 3.714975349566885e-08, 2.687439992765661e-10, 1.7378825489799965e-08, 3.9203754909067356e-07, 1.5983946610731437e-08, 5.077505083050937e-09, 6.775523075930323e-08, 3.296634076832561e-07, 0.9981992840766907, 1.2356343859210028e-07, 2.805845269904239e-06, 0.0017486950382590294, 4.005251685867961e-10, 8.750318158945447e-08, 3.02044810496227e-07, 2.4314196878094663e-08, 1.2990697939585516e-07, 1.4569887696325168e-07, 7.442172988980644e-10, 1.075879430033691e-13, 1.347606648494093e-08, 7.462093520871349e-08, 4.699927669271631e-10, 1.3781848338112468e-06, 2.3806255577962787e-11, 2.4558457489831653e-09, 8.288966313330093e-08, 4.78184006169613e-07, 6.385038275880106e-09, 6.477571332652587e-07]
Max probability is: 0.998199
Classes with max probability: [25]
Case 2:
[1.2338363220010251e-08, 8.655442473859409e-10, 7.466518781029663e-08, 1.3732257553300542e-09, 1.780363861106135e-16, 1.0036577818839376e-10, 2.2033604107907223e-11, 4.778908605646004e-12, 6.761320037185214e-08, 2.4187828823185598e-11, 7.581369914078095e-07, 1.0451294274460565e-09, 7.290024939266004e-08, 6.729207768785272e-08, 4.468081286901349e-12, 3.6923120810827825e-12, 1.0070067446577013e-08, 7.34623824882874e-07, 1.0770535574522455e-09, 3.0780275550590375e-10, 7.162665497162379e-06, 2.7328023177730643e-10, 2.099437734770504e-09, 2.8954756370325185e-09, 1.520586770647342e-14, 0.00025510473642498255, 1.1455471016219576e-09, 3.923981495290718e-08, 3.276744875435611e-09, 7.729369826847687e-06, 8.171972543102868e-10, 2.600010475362069e-06, 2.4238736018311613e-10, 4.747592896592323e-08, 9.777466402738355e-06, 3.9258871153968755e-10, 4.250299556751713e-10, 7.73629337674775e-12, 9.136953416089e-09, 1.9539279916269692e-11, 0.9997156262397766, 4.177058351984009e-11, 7.840303517525626e-09, 1.7414747421895527e-09, 2.4928895753228986e-11, 2.5623825283815904e-10, 3.3469380045225705e-11]
Max probability is: 0.999716
Classes with max probability: [40]
Case 3:
[1.6613610487326014e-10, 3.0898145153557266e-10, 1.1561181878505522e-07, 1.1665526877813193e-10, 2.084735228891077e-07, 6.113683639341616e-07, 5.209879749834556e-10, 2.3299725171455066e-07, 2.0505380859958677e-07, 3.64311247835758e-08, 1.3569712464800432e-08, 3.758856053082127e-07, 2.1175942492845934e-06, 2.599914478196297e-05, 4.871736084747884e-14, 9.104969924712825e-14, 5.948235792807566e-10, 2.566539480941543e-10, 8.929005979041449e-09, 1.0322219468061888e-10, 1.755870584929653e-06, 7.401010360119642e-12, 1.1858197090930389e-08, 1.8338778318138793e-07, 3.0613822566381843e-13, 5.02717114159168e-07, 5.958784576876042e-10, 1.7354825354587433e-09, 9.847870387602597e-05, 0.9992864727973938, 2.0807326972516194e-09, 3.160069539376309e-08, 1.157625728609446e-08, 7.570642424070684e-08, 9.153968858299777e-05, 2.020787009948677e-11, 2.437062773807952e-09, 1.866114684653808e-12, 1.519440040453901e-08, 9.521911037424502e-10, 6.986686003074283e-06, 1.3974191404031444e-07, 0.00045834839693270624, 2.5285584342782386e-05, 2.923318334069336e-07, 4.226136385288015e-10, 4.570432088346621e-10]
Max probability is: 0.999286
Classes with max probability: [29]
Case 4:
[5.584931983548813e-08, 1.5610770560670062e-06, 6.55493326284784e-10, 2.3553728567549115e-07, 4.107556308974303e-13, 6.18838527088883e-08, 1.0046552478826243e-09, 5.449862783279968e-10, 0.9997242093086243, 5.932236035732785e-09, 2.1783554984722286e-05, 1.836587557590974e-07, 0.0001621852134121582, 2.1438642860971413e-08, 3.8383077098635976e-13, 1.7482130109866545e-12, 6.701937338426944e-10, 4.5858190134140386e-08, 1.7335997526402025e-08, 9.018265995086594e-11, 1.1090632142440882e-05, 3.574884555046509e-10, 4.193553650111426e-06, 5.0991313393922155e-09, 6.701851589241414e-07, 1.0134670012929003e-11, 7.278496472196139e-09, 2.571621493530074e-08, 4.473718945519067e-06, 3.555096191121265e-05, 8.077162938491256e-09, 1.616315614683117e-07, 4.752022109144605e-10, 3.586696806223699e-08, 1.128381541093404e-06, 4.8717662792796546e-08, 5.729095864381861e-09, 1.3580506674770731e-07, 2.7623133291854174e-07, 3.8308026195643663e-10, 3.1298157409764826e-05, 6.783285755318502e-08, 5.391257319048437e-12, 7.908866617167831e-11, 3.0120503424768685e-07, 5.477355902172576e-09, 4.926304047851715e-13]
Max probability is: 0.999724
Classes with max probability: [8]
Case 5:
[4.619374749381677e-08, 6.688427589551793e-11, 4.6283199139907083e-07, 8.919096217141487e-06, 1.1582931662423857e-11, 9.885238183571232e-10, 2.477450536386705e-11, 9.134698553125986e-10, 7.41707299312111e-06, 4.418220511670512e-10, 2.961664358736016e-05, 1.224491256834881e-06, 0.9994370341300964, 3.325448597046865e-11, 1.922657996353272e-12, 2.2008356942437857e-11, 8.912793246496076e-12, 1.9631199776881658e-08, 8.106381121919526e-10, 1.7338561142388187e-11, 1.2667333976423834e-05, 2.6895079372479813e-06, 1.0693961272068009e-08, 5.878779130163991e-10, 5.451965262182057e-05, 2.5874635767308973e-10, 9.548846158224933e-10, 6.1931459960362645e-09, 0.0003599196206778288, 2.7486660517106465e-11, 5.9487832437810084e-09, 3.853025010158717e-09, 7.6821624617196e-09, 1.3357104311495505e-10, 1.572444841002607e-09, 1.7394849449736682e-10, 1.1112533115920087e-09, 1.4863853203817e-10, 9.558404201470694e-08, 1.5910996964407786e-08, 8.531321509508416e-05, 3.153719785320419e-10, 1.871835875522413e-16, 2.737019161661025e-12, 1.3919024266506597e-10, 3.5403253662025236e-08, 4.667870534547092e-10]
Max probability is: 0.999437
Classes with max probability: [12]
Case 6:
[1.8189493857789785e-06, 1.5032873834641691e-09, 1.6552476722608844e-07, 1.000540123641258e-06, 4.051619040268406e-10, 1.9857318420690717e-06, 1.0089644397748287e-10, 7.366825371946106e-09, 9.276185153339611e-08, 3.3117661946135968e-09, 4.649627499020426e-06, 1.9451841026807415e-08, 1.70883936334576e-06, 1.3087621482554823e-05, 9.161899572340815e-10, 1.9612950152847475e-10, 9.219190744147454e-09, 4.580251413699443e-07, 7.12372951738871e-08, 2.106919261279927e-08, 0.00011403872485971078, 1.6331107577371995e-09, 1.641556224285523e-08, 1.059893950383639e-09, 4.1536520711815683e-07, 5.161197580427768e-10, 2.668483375600772e-06, 2.011522155953571e-06, 6.892710371175781e-05, 1.0123697435915346e-08, 2.1419392925992042e-09, 5.3941643272992224e-05, 7.998340834092232e-08, 9.103089115836127e-11, 2.6699406589614227e-05, 1.4478628018732564e-10, 2.3422019239660585e-06, 1.265140667783271e-07, 4.048612390761264e-05, 5.998229468673344e-09, 0.9996618032455444, 5.3811515243751273e-08, 1.7355556011441897e-12, 2.319747594015098e-08, 9.596933523425832e-07, 2.8873262181150494e-07, 2.9962440948466673e-12]
Max probability is: 0.999662
Classes with max probability: [40]
Case 7:
[2.469882805222756e-11, 8.10146186247529e-11, 1.0421374874169942e-09, 1.3295338441299265e-10, 7.244773314596387e-06, 6.436589927716341e-08, 4.1954562046697674e-10, 3.7160436505701e-08, 1.585151210292679e-07, 4.738240022561513e-07, 2.5062982444978843e-07, 8.000967710586337e-08, 6.398281016117835e-07, 8.754955160839017e-06, 6.727838365626695e-14, 2.4061237181014546e-15, 2.0027297528701915e-11, 1.0178439688313112e-11, 8.159293241050136e-10, 1.1680482102371936e-11, 1.2561135065425333e-07, 6.186985385819854e-12, 6.20317086585942e-09, 4.1542392636984005e-07, 1.7913497074584228e-11, 1.657053303460998e-07, 1.7407429664384466e-10, 3.664804015812706e-10, 0.00032210510107688606, 0.9996181726455688, 3.732299191927524e-10, 9.964825409269906e-09, 1.9892917868524762e-10, 1.9875974199834445e-09, 1.3741497468799935e-06, 6.8477805890976295e-12, 1.7730297230400538e-09, 4.127934539327471e-12, 1.8695627268527915e-09, 5.058052310324967e-10, 8.1544783370191e-08, 2.7245814493426224e-08, 3.8600541302002966e-05, 1.1382383036107058e-06, 7.896871068169276e-08, 3.141250870530854e-10, 1.1404862471087185e-10]
Max probability is: 0.999618
Classes with max probability: [29]
Case 8:
[1.8642278519109823e-05, 9.339532698504627e-05, 2.2908820085376647e-07, 0.0001775893324520439, 2.5921085580193903e-06, 3.08115204461501e-07, 1.0336005829003625e-08, 9.50189189552475e-07, 0.0003549741522874683, 6.244366659302614e-07, 0.1140839084982872, 6.558869245054666e-06, 0.798246443271637, 4.650699381159029e-08, 2.1230033553365502e-07, 7.228336817988179e-10, 8.931412054380417e-09, 2.7146156753588002e-06, 1.1233520780251638e-07, 7.487738429290403e-09, 2.365957152505871e-05, 9.924520782078616e-06, 7.732354424661025e-05, 5.795840252176276e-09, 0.08592677861452103, 5.737826880292118e-10, 4.368546626665193e-07, 1.8615390899867634e-06, 0.0006851800135336816, 9.374481123813894e-06, 4.296604458886577e-07, 7.947149924802943e-07, 1.3165877135179471e-06, 2.839288981704158e-07, 1.012460415950045e-06, 6.540722807812926e-08, 1.7402334151483956e-07, 1.1967209729846218e-06, 9.422787456969672e-07, 6.659554969701276e-07, 0.0002493843203410506, 6.289240445767064e-06, 2.4564661069148563e-11, 2.8746485192243654e-09, 2.2146627998154145e-06, 1.1345968232490122e-05, 9.268772771520162e-08]
Max probability is: 0.798246
Classes with max probability: [12]
Case 9:
[1.2617971378858783e-06, 1.154483397769468e-09, 8.898325631889747e-08, 5.9391627615923426e-08, 1.7531059937070381e-09, 3.989944019622271e-08, 1.2619726097451434e-10, 7.987071559689696e-10, 5.382948309318181e-09, 3.750483257292103e-10, 9.897827112581581e-06, 1.3581214375335549e-08, 0.00018034016829915345, 5.258916857542317e-08, 1.4690753058488326e-09, 6.839484534282292e-11, 8.153294928092691e-09, 1.1274926237092586e-07, 3.05468361716521e-08, 1.6654244205938085e-08, 1.1162864211655688e-05, 7.763270559735247e-08, 2.1265731398045773e-09, 3.2073389083508985e-11, 2.4057215341599658e-05, 3.779547341764555e-09, 4.0851651306184067e-07, 5.390613289080193e-09, 4.932078354613623e-07, 1.752856171322037e-08, 1.3358497419346804e-08, 2.0603231405402767e-06, 3.358993865276716e-07, 1.3766835761652718e-11, 2.3532378691015765e-05, 4.906297035311979e-10, 8.878021162672667e-07, 2.6905503602847602e-08, 1.3112884289512294e-06, 1.4906232692624144e-08, 0.9997405409812927, 6.17148927517519e-08, 1.4245120924863408e-13, 2.0155508373420616e-09, 4.9369891286232814e-08, 2.8773952180927154e-06, 3.3061062026072674e-13]
Max probability is: 0.999741
Classes with max probability: [40]
Case 10:
[1.7697196139088156e-11, 9.954084223551263e-10, 1.9889608016132598e-10, 1.6801147140199646e-09, 4.307224571675761e-06, 3.150336880253235e-08, 2.8893101799987164e-10, 2.3918641289810694e-08, 1.8988239958162012e-07, 2.5288286451541353e-06, 2.3545493377241655e-07, 1.5546154941148416e-07, 4.523082566265657e-07, 8.959979822975583e-06, 2.0107224533386786e-13, 4.851926694617037e-14, 5.622923307524452e-11, 8.957868301295857e-12, 9.253395827357735e-10, 1.5909417880322074e-11, 1.0348192347464646e-07, 6.56143325436509e-12, 2.598038228995847e-08, 1.6054946172516793e-07, 1.3421275202318839e-10, 4.181454471563484e-08, 3.084374311512761e-09, 6.140387642794565e-10, 0.00012191832502139732, 0.9998465776443481, 7.509510235870209e-10, 1.385977110857084e-08, 1.6027477955926628e-10, 1.5721054458239792e-09, 3.315286107863358e-07, 4.693694738433507e-11, 1.990332876289358e-08, 6.33137500760661e-11, 8.723471944804828e-10, 2.9731408446309615e-09, 1.7446129874088e-08, 1.7676062213922705e-07, 1.3101717740937602e-05, 6.38397352759057e-07, 1.9146357388422075e-08, 1.6735389740674123e-09, 9.511120363514536e-11]
Max probability is: 0.999847
Classes with max probability: [29]
Case 11:
[5.5959331803023815e-05, 6.402666713256622e-06, 1.7748577647580532e-06, 0.011961683630943298, 6.674831092823297e-05, 1.0427807239921094e-07, 1.3626181782910862e-07, 1.4955661754356697e-05, 3.2279051538353087e-06, 2.7253690859652124e-06, 0.55335932970047, 2.6014224204118364e-05, 0.3756767511367798, 1.5577141354583546e-08, 5.90499848840409e-06, 8.92441320843318e-08, 1.0255859272945145e-08, 1.0666823072824627e-05, 8.462637879347312e-07, 1.1645258268799807e-07, 1.2061380402883515e-05, 0.0008362992666661739, 4.7015240852488205e-05, 1.1708671365795453e-08, 0.05428377911448479, 1.0202011679893985e-08, 1.4050314121050178e-06, 1.76980574906338e-06, 0.0015176403103396297, 2.277055045851739e-06, 1.0341103916289285e-05, 7.065399927341787e-07, 8.1398133033872e-07, 7.177781924383453e-08, 1.1936770079046255e-06, 2.8803180285308372e-08, 3.92303633134361e-07, 1.5482844446523814e-06, 1.032980321724608e-06, 0.00018954796541947871, 0.001427455572411418, 3.962549726566067e-06, 1.588711384670205e-10, 2.783416164220398e-08, 1.3543572094931733e-06, 0.0004304007161408663, 3.5341268812771887e-05]
Max probability is: 0.553359
Classes with max probability: [10]
Case 12:
[7.215276696115325e-07, 4.809436404684675e-09, 1.2267612703453779e-07, 4.0205279105975933e-07, 3.1618728257853945e-07, 8.975190368687436e-09, 7.946903690658758e-10, 7.599368245791993e-09, 3.856869490448389e-09, 9.71356328705042e-10, 6.287733413046226e-05, 9.327808747627842e-09, 0.003374509746208787, 1.3247050567599672e-08, 1.3202756221630807e-08, 1.681438877021435e-09, 6.972019406248364e-08, 9.535493461498845e-08, 2.1714463116495608e-08, 1.5205129955120356e-07, 2.6570810405246448e-06, 2.7898266807824257e-07, 6.20208884249962e-10, 7.16928599819866e-11, 0.000664997030980885, 8.626768277508745e-08, 8.48285566235063e-08, 1.650853143075892e-08, 8.792240464572387e-07, 1.688172943659083e-07, 3.157718708735047e-08, 3.669969373731874e-06, 1.0571758366495487e-06, 5.165753935720829e-11, 6.321457476587966e-05, 7.328229578718037e-09, 5.744546797359362e-06, 5.074211983924215e-08, 5.240752329882525e-07, 5.374317311179766e-07, 0.9957947731018066, 1.6085185450265271e-07, 2.6536743722577194e-12, 3.612347754256007e-08, 7.51754036798502e-09, 2.1773510525235906e-05, 2.057038046843207e-11]
Max probability is: 0.995795
Classes with max probability: [12]
Case 13:
[4.726808874866428e-11, 4.122596042321902e-09, 4.624636784633651e-11, 7.4011730077927496e-09, 1.4903313967806753e-05, 1.657023140921865e-08, 4.733334280082602e-10, 1.025898299644723e-08, 7.500570120555494e-08, 6.081810170144308e-06, 7.049632699818176e-07, 2.658026687640813e-07, 3.5453322766443307e-07, 6.884229605930159e-06, 6.348466132129194e-13, 7.515444429978535e-13, 8.700733883371115e-11, 1.643862129752094e-11, 4.0392331146499316e-10, 1.6055002813319952e-11, 4.124454022758073e-08, 4.1466188122063485e-12, 2.2857433279455108e-08, 6.644908268071958e-08, 4.860568059150694e-10, 2.782660679656601e-08, 2.464732062890107e-08, 1.4530557868042138e-09, 0.00014495453797280788, 0.9998120665550232, 1.3025754919127053e-09, 1.9120589556109735e-08, 2.395335596538928e-10, 3.135868675840925e-09, 1.086785701431836e-07, 1.5307240197603988e-10, 1.017109809708927e-07, 2.6106622419419523e-10, 9.91241977388313e-10, 1.1363697538513406e-08, 9.019170299495727e-09, 4.5160905415286834e-07, 1.2573555977724027e-05, 2.2512173813993286e-07, 1.352665268683495e-08, 7.829940251724565e-09, 2.1807324002143247e-10]
Max probability is: 0.999812
Classes with max probability: [34]
Case 14:
[2.716046219575219e-05, 1.5041281358207925e-06, 4.196323061478324e-06, 0.03907131031155586, 0.00025333906523883343, 5.167889227664091e-08, 1.16802721095155e-06, 4.1494302422506735e-05, 1.5835601061553461e-06, 9.570512702339329e-06, 0.6658241152763367, 6.818892870796844e-05, 0.20777952671051025, 1.0877080569571262e-08, 1.5130025531107094e-05, 4.151525899942499e-06, 3.170530504803537e-08, 1.4202733837009873e-05, 3.6853443816653453e-06, 1.2446860182535602e-06, 2.572559424152132e-06, 0.004122347570955753, 1.57437698362628e-05, 7.733551399269345e-08, 0.05807080864906311, 2.578130704478099e-07, 9.906084414978977e-07, 4.3051868487964384e-06, 0.006654565222561359, 1.226275003318733e-06, 3.441741137066856e-05, 1.6432550182798877e-06, 2.987400193887879e-07, 2.2936319510336034e-07, 1.2732675713778008e-06, 2.4220429395427345e-07, 3.286146466052742e-07, 2.449568455631379e-06, 1.740021730256558e-06, 0.011210105381906033, 0.0027027870528399944, 1.596555648575304e-06, 2.977754487432094e-09, 9.127719380330745e-08, 6.461559678427875e-07, 0.0033249875996261835, 0.0007225756417028606]
Max probability is: 0.665824
Classes with max probability: [40]
Case 15:
[5.357795771487872e-07, 3.1270614986311784e-09, 4.95828942348453e-07, 4.327797796577215e-06, 1.378574779664632e-06, 6.490544213200167e-10, 8.382423644093251e-10, 9.324758565298907e-08, 1.3831224521254626e-07, 2.871479942712085e-09, 0.0013003722997382283, 1.1341013461674265e-08, 0.08012890070676804, 3.183948216189947e-09, 5.694315685644824e-09, 3.6144101045465504e-08, 1.8394384682096643e-08, 8.577796251074687e-08, 4.383255536311026e-09, 8.812723706341785e-08, 1.7874081947866216e-07, 4.2980576608897536e-07, 1.2173068109078145e-09, 3.8467895535632124e-10, 0.11034822463989258, 1.907021555780375e-06, 5.625839349931994e-09, 1.1764593743635032e-08, 7.163716418290278e-06, 2.4740327830841125e-07, 1.9381817040198257e-08, 3.070885213674046e-06, 2.4952505555120297e-06, 1.8544549229559948e-09, 4.243010153004434e-06, 1.5782601892055936e-08, 1.800510744942585e-06, 2.03356940176036e-08, 1.185687665383739e-06, 8.617850653536152e-06, 0.8051746487617493, 7.710778504588234e-08, 9.293529834586423e-11, 4.6184947422034384e-08, 6.395572266226779e-11, 0.0030091137159615755, 2.1292892782298622e-08]
Max probability is: 0.805175
Classes with max probability: [36]
Case 16:
[1.7151913569990462e-12, 1.1144497867945913e-12, 1.581817454798795e-09, 1.4239929235770887e-08, 9.082756236011846e-08, 4.698221521028112e-13, 1.566191160052785e-13, 4.490177218756386e-13, 4.809802334193591e-09, 3.42678121122153e-12, 1.6709100236766972e-06, 1.1524259768691536e-08, 8.852126143210626e-07, 3.47794099834868e-14, 5.853109473876253e-14, 9.338167572536804e-09, 4.2413473991601e-14, 3.222932198898576e-10, 1.5652028562129772e-09, 1.7069288690829687e-11, 4.657309954358979e-11, 2.416535380689311e-07, 1.6219781052116689e-13, 2.9158645276083917e-08, 1.4196214124240214e-06, 8.716925618823534e-12, 1.3936888969279249e-11, 7.426602621762868e-08, 0.999995231628418, 5.144165800795297e-13, 3.8980602079519144e-10, 3.945527238258251e-11, 1.2729449655815572e-13, 3.9073928120858525e-11, 3.1917374992973535e-11, 1.75247354405883e-08, 1.511400227194315e-09, 1.7870777015323303e-13, 2.6847909746080534e-12, 5.302724037647977e-09, 4.783073137559768e-08, 2.1985194155645094e-14, 3.547702767409816e-13, 1.2490904144346615e-10, 6.509684826773443e-13, 1.616407807603082e-08, 2.846880704510113e-07]
Max probability is: 0.999995
Classes with max probability: [10]
Case 17:
[2.9224704878316743e-09, 1.1495905338776424e-09, 1.0044677090093046e-08, 7.0674782364221755e-06, 1.326094611897588e-08, 3.9870137746866874e-10, 2.290203582333561e-07, 6.007051744916225e-09, 6.057850665541764e-09, 1.0007391182398351e-07, 5.666668130288599e-06, 2.9092952491538426e-09, 2.9966681722726207e-06, 5.542651407286492e-12, 5.459303409338645e-08, 1.704262467683293e-05, 7.261837242644731e-10, 1.4609754828143195e-07, 2.1573223421000876e-06, 1.4090575461978005e-07, 2.3040518826178413e-08, 0.9999051094055176, 4.698957312143648e-08, 5.900241376366466e-06, 1.3909041626902763e-05, 2.0687838109267886e-09, 7.435222992846491e-10, 4.519354224186145e-09, 3.4866459941440553e-07, 1.8217783948060173e-09, 2.04687638366563e-11, 4.1164562389894854e-06, 4.3240855340798134e-09, 1.1607930616719386e-08, 8.291174413699309e-10, 2.527022843423765e-05, 3.4041793828265554e-09, 2.5572260753392584e-08, 1.6716152018148023e-08, 1.7143241848316393e-06, 6.208920666495032e-08, 5.091879806684574e-09, 7.160401715999853e-10, 1.3905743223574518e-10, 1.2840635499333786e-10, 5.204360036259459e-07, 7.379980615951354e-06]
Max probability is: 0.999905
Classes with max probability: [21]
Case 18:
[3.7501180827348435e-07, 5.50710310687208e-11, 6.82053524769799e-08, 2.1208615308410117e-08, 8.74791294336319e-05, 2.6498900851379403e-09, 2.444872915230434e-10, 3.765134037880813e-12, 1.9140880880286204e-08, 6.652178807797782e-11, 0.9998123049736023, 2.510324170756917e-10, 1.999923568973827e-07, 4.825688737497558e-10, 7.188722273704373e-13, 1.3772132945177873e-07, 1.2727390252820214e-09, 4.689064692087186e-09, 6.783071326843526e-11, 3.273578977336378e-11, 4.4600370618930185e-10, 2.692509193033543e-12, 4.1959910546118806e-10, 2.1365804958595191e-10, 5.437312665890204e-06, 2.686564037901462e-08, 9.008419397105172e-07, 5.397087776692899e-10, 8.853327017277479e-05, 2.122584330521704e-09, 7.275889668534319e-09, 8.549631488885545e-12, 8.746568802564525e-09, 6.464657698046494e-10, 2.5216664312210924e-08, 8.807135465360716e-09, 4.776389346261567e-07, 2.092523376795441e-10, 1.2785871206233423e-07, 1.5100590916583556e-11, 2.749166014837101e-07, 1.867872523320102e-09, 5.089232590904658e-09, 3.4035958833555924e-06, 3.141895424385588e-11, 1.3080743599402922e-07, 4.385048713029249e-10]
Max probability is: 0.999812
Classes with max probability: [10]
Case 19:
[2.1455256501212716e-05, 1.1694471140799578e-05, 5.309686912369216e-06, 2.0802624931093305e-05, 1.9089162378804758e-05, 1.2618728760571685e-05, 5.610046628135024e-06, 6.300438599282643e-06, 1.8664557501324452e-05, 1.4924697211426974e-07, 4.921260483570222e-07, 4.5648121393959684e-10, 4.851336598221678e-06, 3.823740917141549e-05, 0.00011941676348214969, 6.920704436197411e-07, 1.7652886526775546e-05, 7.794180419296026e-06, 1.6371599258491187e-06, 2.1855399609194137e-05, 3.851926067000022e-07, 2.2001618305012016e-09, 1.808877243547613e-07, 1.5185396762262826e-07, 0.9696024656295776, 6.296513106462953e-07, 7.987239951035008e-05, 1.3308156667335425e-05, 5.284431608743034e-05, 1.5107040951534145e-08, 3.594139798224205e-06, 1.359750604024157e-05, 1.841793562107341e-08, 2.980757329851258e-08, 6.088643203838728e-06, 3.3395497212040937e-07, 5.364356638892787e-06, 8.492020242556464e-06, 2.328323915889996e-07, 3.1976544505596394e-06, 0.0008253335254266858, 6.896669219713658e-05, 2.0794402644241927e-06, 0.028864199295639992, 2.4421487978543155e-05, 8.973805961431935e-05, 3.443731770857994e-07]
Max probability is: 0.969602
Classes with max probability: [24]
Case 20:
[2.1514930462207538e-11, 1.287379057524074e-11, 3.812116400325749e-09, 4.46888819283231e-08, 4.166735436683666e-07, 2.5133300388807678e-12, 1.1366651543609496e-11, 3.0464645563166304e-12, 1.6230599442224047e-07, 3.819441637964438e-11, 1.798660377971828e-05, 3.085558120119458e-08, 4.196991540084127e-06, 7.612287807479828e-14, 1.4662668865531026e-12, 3.31004770259824e-07, 1.6472542730891493e-12, 6.484480064017362e-09, 1.9907426818122076e-08, 8.581933774731709e-11, 9.732997741096483e-10, 5.388673798734089e-06, 3.1578802073273238e-12, 4.848363346354745e-07, 4.867077223025262e-06, 4.088637761689995e-11, 2.1539989236707413e-10, 2.86345198219351e-07, 0.9999628067016602, 1.3764119184689338e-11, 7.339694407804132e-10, 5.403640646051144e-09, 2.7669895454746074e-12, 3.204842780046846e-10, 7.797830436917508e-11, 6.582025093848642e-07, 6.98781743579957e-09, 1.1869736096792316e-11, 2.979370916644797e-11, 2.3018129624574613e-08, 5.551309456564013e-08, 7.877260584272794e-13, 1.2742458997683226e-11, 1.2403347793288333e-10, 5.142206539049399e-12, 2.6532202923590376e-07, 2.0568074887705734e-06]
Max probability is: 0.999963
Classes with max probability: [28]
Case 21:
[2.6546556064488414e-09, 8.391811134877969e-10, 9.447344240243183e-09, 1.963833028639783e-06, 1.8886122887806778e-08, 1.7628513926393197e-10, 5.846058002134669e-07, 1.285385908822434e-09, 1.4385518554149712e-08, 4.768436312474478e-08, 6.403397492249496e-06, 6.987042611150684e-10, 1.0862975159398047e-06, 2.8681627385618302e-12, 4.811595388787282e-08, 2.6827739930013195e-05, 8.98218999179079e-10, 1.654682648677408e-07, 2.4798437152639963e-06, 7.339647822846018e-08, 1.645697267349533e-08, 0.9999020099639893, 1.765241997020439e-08, 1.2044216418871656e-05, 8.67226208356442e-06, 1.676891070445663e-09, 6.212638181679608e-10, 1.5968077970995864e-09, 2.977258475311828e-07, 2.358470974073157e-09, 2.6391324021990403e-12, 2.1669161469617393e-06, 5.4891660106193285e-09, 6.7880741028147895e-09, 4.091012251183912e-10, 3.0371238608495332e-05, 2.535569976203078e-09, 2.6633651728502628e-08, 1.1104865471622816e-08, 6.068668767511554e-07, 3.16331885130694e-08, 1.5806959074993188e-09, 1.380251912763697e-09, 3.07595421356055e-10, 7.91896895280253e-11, 4.953381562700088e-07, 3.585163312891382e-06]
Max probability is: 0.999902
Classes with max probability: [21]
Case 22:
[2.2770232988023054e-07, 1.3193149905887935e-09, 7.372108257186483e-08, 2.273190347068521e-08, 0.0003981982881668955, 1.9107346815872006e-08, 7.1988028871317056e-09, 5.577097464404268e-11, 1.5660964436392533e-07, 8.466644052518291e-10, 0.999460756778717, 3.054998032325784e-09, 9.504092446377399e-08, 1.5908816486387423e-09, 3.811688464860907e-11, 4.179322786512785e-06, 5.391283863787066e-09, 6.888370052138271e-08, 4.3594376997191375e-09, 2.3918100833242306e-10, 1.766688129123395e-09, 1.8114286737258567e-09, 4.0486973773568025e-09, 1.8080639208051252e-08, 2.2194608391146176e-06, 6.544930641894098e-08, 2.9486141102097463e-06, 2.6590978308149715e-09, 0.00011249880481045693, 5.7538024123005016e-08, 3.132473480604858e-08, 3.531152870106524e-10, 3.0845927767586545e-07, 4.704173495184705e-09, 2.512796726250599e-08, 4.1833445152406057e-07, 1.79042660874984e-06, 3.299770678921732e-09, 7.81511346303887e-07, 1.3240742946507567e-09, 4.92959557618633e-08, 3.654269331576643e-09, 3.6122830948670526e-08, 1.1515306141518522e-05, 3.3075556182815546e-11, 3.376478616701206e-06, 5.294787275289536e-09]
Max probability is: 0.999461
Classes with max probability: [10]
Case 23:
[3.2844611723703565e-06, 1.6624769614281831e-06, 1.214747271660599e-07, 2.499478739537153e-07, 3.264428642069106e-06, 0.00011839755461551249, 3.0013470677658916e-06, 3.29959357259213e-06, 8.977829111245228e-07, 3.670005099820628e-08, 3.2039581583376275e-06, 2.324585315904848e-11, 2.25790741659182e-09, 1.6541527656954713e-05, 5.179019808565499e-07, 8.755940143601038e-06, 2.7456613679532893e-05, 1.0287150331578232e-07, 8.581636166127282e-07, 7.73458452840714e-07, 9.389417243710341e-08, 6.046909639678688e-10, 5.815946835241448e-09, 1.1611097079367028e-06, 0.024011123925447464, 3.189475989984203e-07, 1.9101735233562067e-06, 1.0937693417645278e-07, 4.1329043597215787e-05, 1.6373169842154311e-07, 5.033993488723354e-07, 3.4928511922771577e-06, 5.816082904175346e-08, 1.1111261954965812e-07, 9.855934024471935e-08, 1.757287691361853e-06, 1.3715802538172284e-07, 3.612624823290389e-06, 3.774668133615933e-09, 1.5487463755903264e-08, 1.7082733393181115e-05, 5.921619390392152e-07, 1.1307096428936347e-05, 0.9757061004638672, 5.903460120748605e-08, 5.410220637713792e-06, 9.711802704259753e-07]
Max probability is: 0.975706
Classes with max probability: [43]
Case 24:
[4.410720677583413e-10, 3.0014257745847317e-10, 7.546215849462204e-14, 5.543189018908379e-08, 0.00024622093769721687, 1.3808185150843144e-10, 6.931573370838606e-11, 3.720644348170765e-10, 8.344453306108335e-08, 1.4445105023241922e-07, 0.00768685108050704, 1.2902233725853307e-09, 6.200565061398322e-11, 3.196671538585605e-10, 2.2813574640512257e-10, 2.0471420392187412e-10, 1.065597783622696e-11, 4.057406355340021e-10, 1.8518204331074983e-11, 1.1561158974604524e-10, 6.50205106769719e-12, 1.1716339703982115e-12, 2.6606975303544722e-11, 1.5106301987088955e-08, 6.786629924704357e-09, 1.4649058355242772e-10, 9.635999553836427e-09, 5.654858625803172e-08, 0.9916806817054749, 0.00038531323662027717, 1.9490273284183957e-10, 1.3351061589617075e-08, 4.673362391516278e-13, 7.378699429239077e-09, 5.339673148085922e-09, 3.4162046524954803e-09, 2.356560779848138e-10, 7.396235013334973e-11, 2.603256221700434e-10, 1.2004455207659248e-09, 6.835745858246867e-10, 5.7194809999217e-10, 5.1860906680190055e-09, 4.1817230234109104e-11, 1.7246920558378065e-10, 4.162688469477871e-07, 2.4207289506250618e-09]
Max probability is: 0.991681
Classes with max probability: [28]
Case 25:
[1.202102907882363e-06, 1.2376162885630038e-06, 7.484505886168336e-07, 0.14662711322307587, 2.3711638277745806e-05, 8.214361741920584e-07, 0.00021073815878480673, 9.544128261040896e-06, 0.0001296382542932406, 6.440318247769028e-05, 0.0009767634328454733, 3.4303823213122087e-06, 0.0048363604582846165, 1.528127455685535e-07, 3.4685337595874444e-05, 0.08688677847385406, 4.052770236739889e-06, 0.0002117391995852813, 0.00013226046576164663, 7.683410331082996e-06, 5.309660622287993e-08, 0.0035870615392923355, 4.887588511337526e-05, 0.029405388981103897, 0.001553552458062768, 3.108177111244004e-07, 8.791431355348323e-06, 5.481635980686406e-06, 0.0007813663687556982, 2.8590731744770892e-05, 9.54540246311808e-06, 0.5538860559463501, 1.2581666908317857e-07, 0.00021521247981581837, 3.894442215823801e-06, 0.0007565386476926506, 2.826883928719326e-06, 4.997182713850634e-06, 0.0001147842631326057, 0.0002410702290944755, 5.73670695303008e-06, 1.3673457942786627e-05, 1.9034203432966024e-05, 2.4791660280243377e-07, 5.490173649036478e-08, 0.16500972211360931, 0.004133882932364941]
Max probability is: 0.553886
Classes with max probability: [45]
Case 26:
[3.100213774587246e-08, 2.3079779865042838e-08, 8.858405564637906e-09, 3.1633728969637787e-09, 0.9913058876991272, 1.136326204687066e-06, 5.31662734670757e-11, 7.98122346168384e-06, 8.576812871030626e-12, 2.329407607248868e-06, 0.00034003067412413657, 1.9898671155260672e-08, 2.376703633899524e-08, 1.808055276342202e-05, 1.687069407785291e-11, 5.524011803537121e-11, 1.666777080799875e-07, 1.262160820303393e-09, 2.737458544288529e-06, 2.746515459506327e-09, 0.0001318668364547193, 1.3694244349604645e-10, 1.5080702908676358e-08, 2.8823643560826895e-07, 3.166032342960534e-07, 1.7725270140545035e-08, 1.173583996205707e-06, 0.0007746582268737257, 0.006870832294225693, 0.0005274741561152041, 2.5284343507792073e-08, 1.0491769586451483e-07, 4.564269673323906e-08, 5.9380401040698416e-08, 9.344018394585873e-07, 6.705722199740194e-08, 6.986233529460151e-06, 9.86701564897885e-08, 1.377796543522436e-08, 9.751558849302455e-08, 1.0557114364928566e-06, 3.98990565031454e-08, 4.784426721471391e-08, 2.5560270842106547e-06, 2.4471421511407243e-06, 3.7508959849219536e-07, 1.2650109226797213e-07]
Max probability is: 0.991306
Classes with max probability: [4]
Case 27:
[4.710224388304596e-08, 2.82250368854875e-07, 5.012327011777451e-11, 8.571435500925872e-06, 0.005901247728615999, 7.825471470823686e-08, 1.293030322813138e-07, 7.114444855460533e-08, 3.9024206444082665e-07, 1.9891322153853253e-05, 0.000865484937094152, 1.659380046703518e-07, 9.194543793000776e-08, 1.756875036562633e-07, 3.297775919008927e-08, 6.514296273962827e-06, 1.0223655699803658e-08, 6.208892955328338e-08, 5.773550970644692e-09, 9.464614691978568e-08, 2.2489381468204783e-09, 1.1114734826955797e-10, 4.2724277449224246e-08, 4.894032485935895e-07, 4.8181918828049675e-06, 2.846065383366181e-09, 7.693657607887872e-06, 1.8848875527055498e-07, 0.9916179776191711, 0.001432119868695736, 4.100971651155305e-08, 2.008357478189282e-05, 9.309413240288222e-10, 1.6166771956704906e-06, 1.0173454256801051e-07, 6.364227260746702e-07, 3.515596702641233e-08, 1.035050267716997e-08, 2.6639456862653788e-08, 3.1228078114509117e-06, 2.4354267225135118e-06, 9.329491490461805e-08, 1.1663489203783683e-05, 1.2031995311190258e-07, 2.2270116417644203e-08, 9.175847662845626e-05, 1.4368675920195528e-06]
Max probability is: 0.991618
Classes with max probability: [28]
Case 28:
[3.261043657332152e-10, 1.0318280084520293e-11, 4.64257104981769e-12, 4.5484944699580865e-09, 0.004593894351273775, 5.2572137615447545e-11, 7.410639879523728e-10, 1.3990947289599376e-10, 4.797490419150563e-06, 1.046997044618081e-09, 0.9688394069671631, 3.036988716065281e-11, 2.978385871266198e-10, 4.885938875709428e-10, 3.735300513341144e-09, 2.3795670295312377e-11, 8.3847677065374e-12, 5.251987289511817e-09, 1.3217957544470194e-12, 1.066638617708282e-11, 7.86486598503694e-13, 1.9634706360793786e-10, 1.4998211006478357e-11, 7.963097958807452e-10, 1.1348221029550132e-08, 8.859213918022135e-10, 7.135886992415408e-09, 1.5900512551070278e-07, 0.02656160667538643, 3.218453770159613e-08, 6.919238515479265e-10, 1.2101022961452657e-10, 5.2655552444311193e-14, 3.0648933391219657e-10, 1.093594015344479e-08, 9.954441784754131e-12, 1.609709587846453e-10, 4.11122957899579e-09, 8.424399372541913e-11, 5.704793304417421e-10, 4.0865147377111555e-10, 2.4811919879796918e-11, 3.982293605986342e-09, 3.473527368513807e-11, 6.534118801582167e-10, 3.115256719254944e-09, 3.364382772375052e-09]
Max probability is: 0.968839
Classes with max probability: [10]
Case 29:
[2.0061653671632484e-08, 2.93980093601931e-07, 8.533031348179065e-08, 0.0006741299876011908, 0.0004057167680002749, 4.3909133273789536e-11, 2.8537530738503847e-07, 2.9922066602239283e-08, 0.9748036861419678, 2.36185293545077e-08, 9.615576709620655e-05, 3.9297412968153367e-07, 0.0001044623350026086, 2.073402005642322e-10, 1.5711330547674152e-07, 0.00022076157620176673, 1.104283153807728e-08, 1.9947177861467935e-05, 7.149319003474375e-08, 8.951486734076752e-07, 2.0767989550307675e-09, 2.412558160358458e-06, 6.682681714664795e-07, 1.8379910216026474e-06, 0.005097831133753061, 3.684079885601932e-08, 7.228610154896842e-09, 4.034341145597864e-06, 0.018086520954966545, 6.338100320135709e-07, 3.0048490771150682e-06, 2.963495582264386e-08, 2.1496509461371716e-08, 3.9051661815392436e-07, 6.211033110048447e-08, 4.322831159697671e-07, 1.1137558431073558e-07, 1.395458366459934e-05, 9.517790999780118e-07, 1.2269327953617903e-06, 8.459206242150685e-07, 5.400303315639121e-09, 1.513011511633522e-07, 3.1382212384301056e-09, 6.258920048907157e-09, 0.0002710841945372522, 0.00018662285583559424]
Max probability is: 0.974804
Classes with max probability: [8]
Case 30:
[5.217339449359315e-08, 8.355884233424149e-07, 2.05172705136647e-06, 0.7351832985877991, 2.1296584236552007e-05, 2.442701596550023e-09, 8.874701862282564e-09, 6.3329288479963e-08, 0.005381178576499224, 8.408499070355901e-07, 9.208467963617295e-05, 2.341633717151126e-06, 0.0006928537040948868, 6.162126364728238e-10, 3.493921596486871e-08, 0.00038515374762937427, 8.5120674953032e-08, 6.337604929740337e-08, 2.7002116098628903e-07, 2.1249425117275678e-06, 9.095939002001785e-10, 6.2822764768100114e-09, 2.1264314398194983e-07, 2.253402089991141e-05, 0.007539940997958183, 2.4874223072401946e-06, 3.9906691284841145e-09, 1.4793193940931815e-06, 0.023251334205269814, 2.0050621969858184e-05, 1.5120466656526332e-08, 1.517312711030172e-07, 5.0163951215154157e-08, 3.46271417583921e-06, 3.0172039089393365e-08, 1.17206195682229e-06, 7.270616109167349e-09, 2.3599082510372682e-07, 4.5875653995608445e-06, 7.053411650304042e-07, 0.0001973827020265162, 4.869079361924378e-09, 1.973568942048587e-06, 2.020984490869182e-09, 3.6419340876392425e-09, 0.2134905308485031, 0.013697005808353424]
Max probability is: 0.735183
Classes with max probability: [3]
Case 31:
[1.1980940683997687e-09, 4.259148589369488e-09, 1.5476819478776882e-11, 2.2575631641874594e-10, 0.9988601207733154, 1.0626649782352615e-07, 1.7415067651849192e-11, 2.1355495150032766e-08, 6.228295331735245e-13, 2.9703525683544285e-07, 1.0127248515345855e-06, 4.3957379403103403e-10, 2.2367381280474774e-09, 1.411111725246883e-07, 1.5333423549965253e-12, 5.058823498993448e-11, 2.114706409983569e-09, 1.2554833561662093e-10, 1.7307174360325916e-08, 1.2615131161908266e-10, 4.1981365939136595e-06, 3.0027167818164058e-12, 6.450695533288808e-10, 1.3125683651082909e-08, 8.247564409202823e-09, 9.532678646451131e-09, 4.167055678294673e-08, 2.1369930891523836e-07, 0.0008583356393501163, 0.00027473928639665246, 3.5589198255081556e-11, 1.2057147280586378e-08, 3.625263200746076e-09, 1.074237032661074e-09, 3.6589288043842316e-08, 9.461760264173336e-09, 3.251739428833389e-07, 1.0783098858269113e-09, 8.314307575751911e-10, 2.423793432626553e-08, 1.2846456343140744e-07, 1.323018694598943e-09, 1.5576940626260694e-08, 2.5793457325562485e-07, 2.3007135752095564e-08, 2.879835925284624e-08, 3.141048532384616e-10]
Max probability is: 0.99886
Classes with max probability: [28]
Case 32:
[7.615979846775645e-09, 1.521203440990604e-10, 4.854395010966961e-11, 2.541248322884826e-09, 0.0011810658033937216, 8.487294755887831e-10, 6.877334812749325e-11, 1.9344081891858877e-09, 1.4582650642580575e-08, 8.71761983489705e-07, 0.14420343935489655, 8.103206994292123e-10, 1.3614189775523755e-08, 1.75264034396605e-08, 1.5509313278094794e-10, 1.8544382696106254e-10, 9.518540122765984e-11, 3.0573879539197435e-10, 8.736232223749418e-12, 4.9699119819557325e-11, 4.557551905315371e-11, 4.4569719442888456e-11, 1.2337893207092776e-10, 6.304146094038288e-09, 1.1350373974039485e-08, 2.0852128912451917e-09, 1.7957503928300866e-08, 4.5600629050568386e-08, 0.8544182181358337, 0.00019587746646720916, 3.1181276310965345e-11, 3.728226893873199e-10, 8.260219591660345e-11, 1.272304750443709e-08, 3.66499399717668e-08, 1.7826485843031037e-09, 1.0662013494311395e-09, 2.6956468168748415e-09, 1.7107437688679283e-09, 5.2100079805939e-09, 1.4695894501315365e-09, 2.7123570056630797e-09, 3.486500759208866e-07, 4.572172640493477e-10, 3.1189797966568733e-10, 2.9869251960690235e-08, 1.27794717030838e-08]
Max probability is: 0.854418
Classes with max probability: [28]
Case 33:
[1.5242891393540958e-09, 2.1780629383405525e-11, 2.196255503850164e-11, 1.5097465499991358e-09, 0.002370008733123541, 1.2417314398938117e-10, 5.655621457267834e-11, 5.333131158913318e-10, 3.2711633934923157e-07, 1.5133974073933132e-08, 0.8401889801025391, 1.320259040982208e-10, 9.27484700152803e-10, 8.206408885769179e-10, 3.267429660169796e-10, 7.317183317590015e-12, 1.9062591782859073e-11, 8.236265003347398e-10, 9.531122635922373e-13, 2.024790057841841e-12, 8.528648165299912e-13, 8.148554747622327e-11, 1.3623886740976587e-11, 5.066826958000092e-10, 2.6718094403577197e-09, 7.406749102933929e-10, 2.1587669429834477e-09, 3.391661707041749e-08, 0.15743863582611084, 1.914944505188032e-06, 2.0335777506375052e-10, 3.034728371376083e-11, 8.434416359781594e-13, 7.329343243434039e-10, 1.0301121733391483e-08, 2.1185173407212154e-11, 1.5332955738411869e-10, 1.20081544707773e-09, 4.243630169487034e-10, 5.141859160673334e-10, 4.923185192851065e-10, 6.370598493177226e-11, 2.234648022181318e-08, 5.110802753227617e-11, 6.77098446755231e-11, 6.606387437102512e-09, 1.7538470675759754e-09]
Max probability is: 0.840189
Classes with max probability: [10]
Case 34:
[1.2752576594721177e-07, 8.956148462857527e-07, 2.2197246707378326e-08, 0.002542029833421111, 0.018682317808270454, 1.3270087251271434e-08, 9.527144015919475e-07, 1.4437888751217542e-07, 0.6074447631835938, 7.191301278908213e-07, 0.0008037862135097384, 4.905103310193226e-07, 9.384866643813439e-06, 9.264358030725006e-11, 2.0283397361708921e-07, 6.265336338628913e-08, 2.5285102012162497e-08, 7.271298090927303e-05, 1.034736385463475e-07, 2.411542538993672e-07, 3.9400664064714874e-08, 6.749623480573064e-06, 2.405408622507821e-06, 1.726674599922262e-05, 0.008931618183851242, 1.7250920336664421e-06, 5.360601207371474e-08, 0.00011028150038328022, 0.36123985052108765, 1.0383409971836954e-06, 2.3248012439580634e-06, 6.192366441837294e-08, 8.375072191313393e-09, 1.4014403859619051e-06, 1.6640658486721804e-06, 3.0120618248474784e-06, 7.303781135448162e-09, 1.686378709564451e-05, 2.2547697881236672e-05, 5.286599602527531e-08, 7.929450021038065e-07, 8.301290765899694e-10, 4.5198508047405994e-08, 2.0217260754407107e-08, 5.191860736886156e-07, 7.976885535754263e-05, 8.415785828219668e-07]
Max probability is: 0.607445
Classes with max probability: [8]
Case 35:
[1.3309687574292184e-08, 9.000036982342863e-08, 2.0608422346413136e-07, 0.9300225377082825, 1.1038677030228428e-06, 5.44864331430972e-09, 9.104258458236814e-10, 2.5735419129091497e-08, 0.000433391600381583, 1.029378537964476e-07, 3.7954807794449152e-06, 1.3003680976453325e-07, 2.1374669813667424e-05, 6.543564301519922e-12, 3.2886968703849107e-09, 3.0883433055350906e-07, 1.0460710520021621e-08, 3.3751088590605605e-09, 7.041300875698653e-08, 1.3001523768707557e-07, 4.4216011407804956e-10, 5.590429785762296e-10, 3.457034125631253e-08, 1.3341694284463301e-05, 0.00017563729488756508, 1.5995053672668291e-06, 3.3779276598089325e-10, 2.423586465738481e-06, 0.01374464388936758, 1.567727622386883e-06, 2.2762938201026373e-09, 9.319897742443572e-09, 3.6112519641307017e-09, 1.375719307361578e-06, 1.070269473046892e-08, 5.500796760316007e-07, 1.1274522114523844e-11, 4.4153271261393456e-08, 3.584090791264316e-06, 1.6612098363566474e-09, 4.706851541413926e-06, 1.1384958531479583e-09, 1.2621029554793495e-07, 1.0460305954751448e-09, 4.457676894276119e-09, 0.055395301431417465, 0.0001718450803309679]
Max probability is: 0.930023
Classes with max probability: [3]
Case 36:
[5.5631939055444946e-09, 3.324706554508339e-08, 2.919278330182351e-08, 0.01348276436328888, 6.936126737855375e-06, 5.514173562204405e-10, 2.6054153626220433e-11, 1.446254643822087e-10, 2.5009451292135054e-06, 4.188977698049712e-08, 5.920667831560422e-07, 6.26936724756888e-09, 1.021806710355122e-07, 2.2523618387060296e-11, 2.2561971388390667e-11, 8.212123248085845e-08, 1.3271357346411605e-09, 7.768206911062947e-11, 1.250450964995764e-09, 1.2165626728233292e-08, 7.971362459002762e-11, 1.1133269870247653e-12, 3.328135267377519e-10, 4.412648195284419e-06, 2.1506646589841694e-05, 6.862035206722794e-08, 8.71115846123871e-10, 3.3746727012839983e-07, 0.9860091805458069, 1.4642051837654435e-07, 9.486745833342525e-10, 7.820392111668184e-10, 9.866908678990427e-11, 5.119243695617115e-08, 7.950749392193757e-09, 1.4683645410684676e-08, 9.150556831358236e-13, 5.21331089409216e-10, 2.4347281524228492e-08, 8.827621966744914e-10, 4.391968832351267e-05, 3.698108139160716e-11, 2.0143472738709534e-06, 2.8056372780582706e-09, 1.175366193262306e-10, 0.00024267587286885828, 0.00018245501269120723]
Max probability is: 0.986009
Classes with max probability: [28]
Case 37:
[5.193120378166327e-10, 9.151832763842904e-11, 1.594794088455309e-11, 1.7084322223581694e-07, 0.7947803139686584, 9.962004554608939e-10, 1.7681975675309936e-11, 6.229258081580369e-11, 1.811756362712913e-07, 3.968596118397727e-09, 0.005945639219135046, 1.6448300499405377e-09, 4.686960264344009e-10, 1.957474113356561e-11, 2.4002005244438962e-11, 2.9457328334133847e-15, 1.3747257499030496e-10, 1.4042389473445382e-08, 1.1178455079988159e-12, 4.544074602816535e-14, 5.011823855233244e-12, 5.821024218199966e-10, 1.3495922435158292e-10, 3.437465423417052e-08, 8.114306382367431e-08, 6.12768781138584e-06, 8.32915195148054e-11, 1.1267344461884932e-06, 0.19926609098911285, 2.2057139403841575e-07, 3.968806672194347e-10, 2.03282425614848e-11, 1.1748916076137483e-11, 2.415275313083498e-09, 9.643983389651112e-10, 1.6980316458470313e-11, 6.234722807474391e-12, 1.4192030883819484e-10, 5.9334142044065175e-09, 1.5126245742069777e-11, 4.5570009987727644e-09, 6.017061848773153e-14, 2.9447376093116873e-08, 5.291443672117424e-11, 8.815516649995914e-10, 2.0780772935768965e-10, 2.3745655441942404e-10]
Max probability is: 0.79478
Classes with max probability: [4]
Case 38:
[6.313414374625737e-11, 7.87210474584299e-09, 1.614906075531053e-08, 0.00013636275252792984, 2.6595103008730803e-06, 3.33245625538936e-10, 1.0193849320216941e-08, 2.5628790201182028e-09, 2.763318889265065e-07, 5.817067290081468e-07, 4.701525995187694e-06, 2.4686674926499563e-09, 5.160981331187031e-08, 7.846889370916044e-13, 1.1458609172620982e-08, 1.2380252530606872e-13, 2.1190616905641946e-07, 1.4461428721190828e-09, 4.6420467469943105e-10, 2.705401458413803e-09, 8.686130037460771e-09, 9.404175926874814e-08, 7.906341892294222e-08, 2.7568030418478884e-06, 4.39208815805614e-05, 1.2207604527247895e-07, 1.1708517456358175e-13, 1.295693721203861e-07, 0.9998058676719666, 2.050943592735166e-08, 2.643991470208107e-09, 8.404164864028729e-11, 3.9928124695443046e-10, 2.7051691997570515e-09, 1.4808212434047618e-09, 3.127207151010225e-07, 2.5754589433324426e-12, 5.225603771918941e-08, 1.0606288469716674e-06, 2.902552156958116e-11, 5.499447078283204e-11, 5.806809460356943e-12, 9.593530414520046e-09, 3.461584838215792e-11, 1.9123097771966968e-08, 7.561928860866374e-09, 8.37896550365258e-07]
Max probability is: 0.999806
Classes with max probability: [28]
Case 39:
[1.9953660945759566e-09, 3.741457491046596e-11, 1.5988642701469935e-11, 3.2097105417960847e-07, 0.34416261315345764, 8.340195201128608e-10, 1.5214268647006923e-12, 1.1854345283168755e-10, 8.239563697998165e-08, 7.604186613718866e-09, 0.15889950096607208, 4.990199364840464e-10, 2.8651343519925376e-09, 1.6626066842717613e-11, 3.9085492654911125e-12, 6.209309698086262e-15, 7.75943961861536e-11, 2.6985047529848316e-09, 1.878822401477076e-12, 1.8752369245638757e-14, 8.007823570910233e-12, 1.313723348855822e-11, 1.056683993777563e-11, 1.3019116451573609e-08, 3.6881953491274544e-08, 7.343205652432516e-07, 8.036594306704004e-11, 1.0248276112179155e-06, 0.49693354964256287, 2.005044052566518e-06, 5.307691786082813e-11, 5.856339718723902e-11, 4.864166361362443e-12, 1.7361154736050821e-09, 1.150430084528864e-09, 8.27682974241517e-12, 2.775877618044209e-12, 1.4026826575253004e-11, 4.286097698980029e-09, 5.820947890367023e-11, 8.54565982422173e-08, 7.287810220753255e-13, 5.888180254487452e-08, 3.1132652011933715e-10, 9.783421295317396e-11, 2.1408365358244197e-10, 3.5685985416700206e-11]
Max probability is: 0.496934
Classes with max probability: [28]
Case 40:
[1.318366110725222e-10, 7.260964607347375e-10, 9.501864184358055e-08, 0.9988605976104736, 7.504088017640242e-08, 8.139885987468176e-10, 7.185545214394295e-11, 1.3588690706001216e-07, 1.7278383893426508e-05, 2.3445398511512394e-08, 4.5681229465799333e-08, 7.94629606559738e-09, 4.511885435931617e-06, 1.6494221082279797e-13, 2.7935107005383486e-10, 1.746877781316769e-10, 6.429331733670551e-08, 2.1792401216913504e-09, 1.0143327955347559e-08, 3.082827504385932e-08, 2.388533593133957e-09, 3.619687327649501e-10, 6.78890188510195e-08, 7.538133104389999e-07, 2.1637377358274534e-05, 3.629160119089647e-07, 6.080452807921688e-11, 2.9559674658230506e-05, 0.0005530599155463278, 2.1842181396891647e-08, 1.2910486013595346e-09, 6.515512041005422e-08, 5.124380364485148e-10, 1.200748585006295e-07, 5.547575732123278e-10, 9.738309927342925e-07, 1.0937718829609477e-12, 6.252392381611571e-08, 4.876834509559558e-07, 3.11555295451349e-11, 8.524465577863793e-09, 6.288313203484108e-10, 1.6541441827389036e-10, 4.5086872013655466e-09, 3.2686280349025765e-08, 0.0004845105577260256, 2.5492337954347022e-05]
Max probability is: 0.998861
Classes with max probability: [3]
Case 41:
[2.2376737962570559e-10, 2.5486510679684216e-09, 8.427421427370518e-09, 0.0053244698792696, 2.2888607418281026e-06, 7.573317528652979e-10, 2.1678206105213427e-12, 4.299280029207431e-11, 5.700762244487123e-07, 7.522243272717333e-09, 2.8716714339793725e-08, 3.277172144766638e-10, 6.734502289162947e-09, 3.0892207195098997e-12, 2.5754064679472943e-12, 5.279077175401881e-10, 2.0337947992388195e-10, 9.315632466810886e-12, 2.277624755464558e-10, 6.975616195781242e-10, 6.939794572335956e-11, 7.414026532460982e-14, 8.144187407799208e-11, 1.7025761280820007e-06, 1.149117906606989e-05, 1.0834695807204753e-08, 2.2312891811981928e-10, 4.464547600946389e-06, 0.994619607925415, 1.4977860063325465e-09, 1.9720414190516067e-10, 4.325933500304302e-10, 1.051393781065224e-11, 2.038826529826565e-08, 1.962118467702112e-09, 4.3723304976595045e-09, 4.05253664014036e-14, 5.267176278467289e-11, 5.662894508873251e-08, 6.264669338840179e-11, 6.025619768479373e-06, 1.478235589491561e-11, 5.842720796067624e-08, 2.360360573661069e-09, 7.023996662081089e-11, 2.84433535853168e-05, 7.274425115610939e-07]
Max probability is: 0.99462
Classes with max probability: [28]
Case 42:
[1.3646506147324544e-10, 4.008989863170387e-13, 5.877564927814216e-12, 3.288547656410401e-09, 0.3461838364601135, 1.2644857383392605e-10, 5.557436889153111e-12, 1.1206853223200142e-09, 4.155675412675919e-07, 6.7252532431894e-09, 0.0448615700006485, 2.0853491156103132e-10, 3.866076625502757e-10, 3.249766775126339e-11, 2.0083958801597745e-11, 1.3179884771655504e-17, 6.730675045085732e-11, 5.48821432744262e-10, 3.237425315349464e-14, 3.5429956697966523e-15, 2.6568887714906175e-11, 1.82803494563899e-10, 2.10731935373909e-11, 3.831957684496956e-08, 5.7606296621770525e-08, 2.1895652935199905e-07, 1.7578646871463377e-12, 4.954941701384996e-08, 0.6089532971382141, 4.5068145482218824e-07, 5.423651458502654e-11, 8.09189035222424e-11, 3.863389209241008e-12, 1.576946212500374e-11, 3.722759323032676e-10, 7.029279502218655e-12, 2.926356531228469e-13, 7.651040218048522e-11, 1.2428839901712507e-10, 5.468436575957469e-13, 7.195610773891303e-10, 1.7505756975846713e-14, 1.1654933018689917e-08, 1.624842274616789e-11, 9.75558744897853e-10, 1.2423345501205024e-13, 3.7539116259921457e-10]
Max probability is: 0.608953
Classes with max probability: [28]
Case 43:
[3.832862846553375e-12, 6.760574045028278e-11, 7.577078409148896e-10, 7.433406494783412e-07, 1.3920063111072523e-06, 1.2302664312638378e-12, 1.2174523889019184e-10, 9.500686903862743e-10, 2.2955239842303854e-07, 1.3704192269869964e-07, 6.191386887621775e-07, 5.612403944366129e-11, 4.1301523312498034e-10, 1.470608167577006e-13, 4.958602972671144e-10, 8.609345578637563e-16, 4.714769463731727e-09, 5.75442575534435e-11, 4.516575373252063e-13, 3.882056481829821e-11, 1.7236101435003093e-09, 1.7458654966162612e-08, 1.4897105771183305e-08, 5.0165230192078525e-08, 2.136880357284099e-05, 2.1917925807635186e-10, 7.2935402461755e-16, 3.7913171269110535e-08, 0.9999748468399048, 5.727578966663316e-10, 2.2332106996980627e-10, 1.1057900151101308e-09, 3.737807860535597e-13, 7.107227566888197e-12, 7.842938104518637e-12, 1.0964591901085896e-08, 2.928857243539307e-13, 7.147473723989606e-10, 7.622801945217361e-09, 2.2288625751900465e-13, 9.205275430801407e-13, 2.787946739787883e-13, 3.1301805591965604e-10, 2.726096427860692e-14, 8.900198911199197e-10, 5.956685340292867e-13, 6.466852937592193e-07]
Max probability is: 0.999975
Classes with max probability: [28]
Case 44:
[4.0914466259422966e-10, 4.864789127090319e-13, 5.4296662652109084e-12, 1.1203762539935269e-07, 0.629980742931366, 2.026757789375111e-10, 5.201536900853454e-13, 1.0342711131983151e-09, 2.37402929315067e-07, 4.431818112493602e-08, 0.11422691494226456, 5.155838950221536e-11, 4.705404066385199e-09, 3.244603544172442e-11, 1.2423432508429366e-12, 6.533091006789534e-17, 1.4423843196220698e-11, 8.90344534210108e-11, 1.0794797130828093e-12, 1.3334156133036016e-14, 2.4645924190380697e-10, 3.973413612023968e-12, 1.2794742695887429e-11, 1.2133141069625708e-07, 4.61104363580489e-08, 1.2979238306343177e-07, 3.189203675452168e-12, 1.952994637122174e-07, 0.2557874619960785, 3.9619908420718275e-06, 3.403051711953209e-12, 1.967445928396927e-10, 5.5283989192078664e-12, 1.1517717335429722e-10, 1.1401574129266123e-09, 1.6695735072236317e-11, 2.4915547056081344e-12, 7.537956370207155e-12, 3.6532296632252326e-10, 2.605659178006592e-12, 2.838701718133052e-08, 3.748057853664166e-12, 1.5963387056672218e-08, 5.491073915009359e-11, 1.3431486478587829e-10, 4.4834257834081015e-12, 3.105348964083099e-11]
Max probability is: 0.629981
Classes with max probability: [4]
Case 45:
[5.561127558451062e-09, 1.656435960617486e-10, 1.7384889083871258e-09, 0.9799032807350159, 1.7917342120199464e-05, 2.3145546590441768e-10, 1.9446457599769928e-07, 1.0503791258997808e-07, 2.2944184820516966e-05, 5.809920988752992e-09, 1.048827584781975e-07, 3.677490090225888e-09, 2.528947561586392e-06, 2.2685677780742708e-09, 1.3362326356514131e-08, 7.914063644420821e-07, 6.471358204862554e-08, 2.3264722130988957e-06, 5.290550575409725e-08, 1.032956564728238e-08, 2.4484485550146928e-08, 0.0002680162142496556, 1.997941589948482e-09, 6.195136666065082e-05, 0.009426181204617023, 1.0135537564792685e-07, 1.6812236935948022e-08, 4.5048534957459196e-05, 1.519713259767741e-05, 2.3643572433229565e-08, 1.3503111517820798e-08, 0.0019351111259311438, 4.427053862388064e-11, 7.878474761469079e-09, 1.241845559718513e-08, 0.00043860627920366824, 6.378175321231083e-09, 1.7948724462257815e-07, 8.303970133738403e-08, 4.2842532366194064e-07, 7.872244367490566e-08, 1.8442305460553143e-09, 4.4586476177777e-10, 5.869792829571452e-08, 5.04665180756092e-08, 2.277933361938267e-07, 0.007857953198254108]
Max probability is: 0.979903
Classes with max probability: [3]
Case 46:
[3.9312823829629195e-11, 1.9080501068025058e-12, 4.509505182465068e-12, 1.4588096952650176e-08, 2.5341962555103237e-06, 3.876587093866457e-13, 8.033823606368173e-11, 1.639521331198157e-11, 8.303867616632488e-06, 4.5858652986119353e-10, 6.835865207222014e-10, 1.8166418369602866e-10, 1.9462318423535407e-09, 4.630446416922784e-13, 1.3042178285700007e-13, 1.7771114441123004e-12, 2.7209376245174166e-12, 6.47621050120506e-08, 4.986609649509921e-12, 8.958442494766405e-12, 8.797207406985308e-09, 1.1046367376366106e-07, 5.423764735945635e-12, 6.212130188032461e-08, 3.1645113267586567e-06, 2.4715797984631305e-12, 1.2340595212378958e-10, 6.058520352070218e-09, 0.9999831914901733, 2.3708845997560957e-10, 9.779656945374526e-11, 5.475463193960195e-09, 3.5509740980987914e-11, 4.370539347098301e-11, 8.851562538492175e-11, 9.155385072290301e-08, 6.756843418109781e-10, 6.250903961113607e-11, 1.5799557842588463e-13, 1.004144163652132e-11, 8.690366270569863e-14, 1.3582792659713738e-13, 8.774875964734363e-11, 3.775396939520448e-10, 8.131722517568107e-10, 3.407943718891637e-11, 2.3536420030723093e-06]
Max probability is: 0.999983
Classes with max probability: [28]
Case 47:
[1.2477107702579815e-07, 6.279584599706844e-13, 5.284701565244632e-10, 3.2993923468893627e-06, 0.42787668108940125, 8.1059020606844e-10, 1.2204090168999038e-11, 1.0862264616662287e-06, 4.743586941913236e-06, 3.715694560924021e-07, 0.5403738021850586, 1.9150821373159488e-08, 1.8109774373442633e-06, 1.3572934443040197e-10, 1.1598564242376597e-07, 2.3324913181466123e-11, 4.6029305367234485e-11, 1.6705642424952316e-09, 5.8036637995417806e-11, 6.952318581943118e-11, 6.442626698799359e-08, 6.0527756140515976e-09, 1.2172293728518468e-10, 1.4871583289277623e-06, 0.0005010202876292169, 1.2647399572074391e-08, 3.918749214015804e-10, 6.825786840636283e-05, 0.031151719391345978, 8.664948836667463e-06, 4.691061317174672e-09, 6.604180384783831e-07, 1.2021026535302681e-11, 1.1983591896580492e-08, 8.55547526157352e-08, 2.164325607623141e-09, 1.3563237200031608e-09, 1.9172887721907728e-09, 3.9244560379181337e-10, 6.1206550938663895e-09, 5.936796583227988e-07, 2.184647185377031e-10, 1.2993182085807575e-09, 8.157842457112707e-11, 1.4520074920199022e-08, 2.480622640632646e-08, 5.374844477046281e-06]
Max probability is: 0.540374
Classes with max probability: [10]
Case 48:
[2.0970952752108474e-10, 2.307564903047954e-11, 9.708474024705538e-10, 5.158109161129687e-06, 1.3922319794801297e-06, 2.5509770077564164e-13, 3.9469070373110426e-11, 1.635628592566718e-07, 0.0001161209584097378, 4.097821886261954e-07, 1.470256592028818e-07, 1.8303020210552745e-10, 2.3231223167385906e-08, 1.0651699791294766e-12, 7.327194406769877e-10, 8.20490492225729e-15, 3.5582889412744123e-10, 4.964669231277696e-10, 1.0148290627981504e-12, 5.203997996416909e-11, 1.5712325307504216e-07, 3.3140121757924135e-08, 1.3832213596742804e-07, 4.865056268954504e-08, 0.0008273980929516256, 1.3133440732518431e-12, 3.284935257835686e-13, 1.492377577960724e-05, 0.9990311861038208, 6.783659745046577e-10, 3.436265716416642e-09, 1.037861352415348e-06, 4.1761535093769175e-13, 8.085110705935428e-12, 1.3387705007084083e-11, 5.860238161403686e-07, 6.428273885417113e-11, 2.00655181359366e-09, 1.1100311780865013e-09, 2.54591334993004e-12, 1.869781022720285e-12, 1.6811387351656215e-12, 3.5239980378243274e-10, 8.674914085682328e-13, 5.4986202258078265e-09, 1.8252695362097615e-12, 1.090455953089986e-06]
Max probability is: 0.999031
Classes with max probability: [28]
Case 49:
[8.782506277782431e-09, 2.3315808918983327e-12, 1.07772811508422e-10, 2.401627874348833e-08, 0.00833943672478199, 4.1317975707499954e-09, 4.757116575659914e-11, 4.824136468073448e-08, 1.1671721722450457e-07, 2.251789283036487e-06, 0.35461944341659546, 1.653628700637455e-08, 1.206864226332982e-07, 7.073351904196556e-10, 1.0367716685166783e-09, 2.7860110052291276e-12, 3.053358954563379e-11, 1.658311127306078e-10, 5.066694459820997e-12, 4.3865001908560686e-11, 3.677820936687226e-09, 3.919828003851045e-11, 3.026986994392189e-11, 6.977953148634697e-07, 1.3524472706194501e-06, 9.078056528721845e-09, 3.480183363713252e-10, 6.13907104707323e-07, 0.636499285697937, 0.0005363094969652593, 6.693349346997834e-11, 3.173863660776988e-08, 1.4517943791592103e-10, 1.8688659508825367e-09, 2.5182190555028683e-08, 1.536473170915542e-08, 1.0917562409673565e-09, 3.796913450315742e-09, 8.276703211684833e-10, 8.238634774393461e-10, 3.038983820147223e-08, 4.85888307366622e-09, 4.343629811387473e-08, 4.921951041181316e-11, 9.274901735523144e-09, 1.9429535758064276e-09, 1.197074936953868e-07]
Max probability is: 0.636499
Classes with max probability: [28]
Case 50:
[3.046945451501415e-08, 2.686518230099466e-10, 4.34033245255705e-06, 0.14517146348953247, 1.7549261883686995e-06, 1.9406874329774837e-08, 8.729424960662868e-10, 2.127575726262876e-06, 0.0001717683917377144, 7.256848562064988e-07, 2.7281811298962566e-07, 2.3067266738507897e-05, 0.00026606215396896005, 4.266727859913999e-09, 2.9053299765990914e-09, 2.2996150816911864e-10, 9.660823252488626e-08, 1.7226684576598927e-05, 2.0619723706261084e-09, 5.7666454722493654e-08, 1.6200048946757306e-07, 3.792392249124532e-07, 2.2763220840715803e-05, 1.1114584594906773e-06, 0.0007300786091946065, 7.3589965232656596e-09, 2.2109132302716716e-08, 0.005365914665162563, 0.00011127004108857363, 2.075973615234261e-09, 1.4089660282934346e-07, 0.07900388538837433, 3.014418581415157e-08, 2.435504597997351e-08, 7.82702525015111e-09, 3.1345427942142123e-07, 3.058455266824467e-09, 4.106936568604169e-09, 1.3181164604247897e-07, 1.7285440634395854e-08, 5.44812528424643e-10, 5.495269128630298e-09, 1.6863515028830989e-09, 2.393547617884906e-07, 4.663100838797618e-08, 3.0703967013323563e-07, 0.7691040635108948]
Max probability is: 0.769104
Classes with max probability: [46]
Case 51:
[2.56521204278215e-09, 1.295813056856332e-08, 5.1203785135511826e-12, 2.185069902793657e-10, 0.9969571828842163, 5.2316373455596477e-08, 1.1576587605199862e-10, 1.5691846044774138e-08, 3.9487206907051764e-13, 7.022955550439747e-09, 5.546917236642912e-07, 2.7998981171756254e-12, 1.6125938362421266e-09, 1.7570623356277792e-07, 1.6534122682099195e-10, 2.7189912543690298e-09, 5.850445816690808e-08, 4.5262535386392244e-10, 5.5637272566855245e-09, 3.67618407937087e-10, 9.856719316303497e-07, 4.3311365778564426e-12, 1.5914787543369613e-10, 1.3497687234576006e-07, 2.9827782466185226e-09, 5.8987161821733025e-08, 1.2868814280864171e-07, 1.5313235124381208e-08, 0.0003243052342440933, 0.0027148823719471693, 3.485807822944942e-11, 9.087720798106602e-09, 4.339287595911401e-09, 4.567934919208483e-10, 1.1434397428899956e-08, 1.6489929066665354e-07, 3.231448602036835e-07, 6.636754479316664e-10, 1.492854906359753e-08, 1.4686406757391524e-07, 2.6772715955303283e-07, 1.7425674059268204e-07, 2.96005453037651e-07, 5.729808094656619e-08, 2.8710058774805702e-09, 3.479250310078896e-08, 1.3233600881790153e-09]
Max probability is: 0.996957
Classes with max probability: [4]
Case 52:
[7.224536968664097e-09, 3.2143840367204746e-10, 4.212919509777313e-12, 4.074889314864549e-09, 0.04838976263999939, 1.0565625041536464e-09, 2.191211621871414e-11, 1.5897952954091465e-09, 3.6591574215094624e-09, 7.991565666998213e-07, 0.014611752703785896, 1.1119509479851075e-10, 4.683051169074304e-10, 2.736159920857517e-08, 2.6727589585995304e-10, 1.10551856558061e-09, 2.4274876553320723e-10, 4.199399938897841e-09, 9.499748765406935e-10, 4.1191380167893143e-11, 3.2955245199417504e-09, 6.10270861622908e-12, 8.398282763666387e-11, 3.048766075153253e-07, 9.081098539809318e-09, 1.415157555584301e-07, 3.0362110692294664e-07, 2.5913200474292353e-08, 0.9311395287513733, 0.005855365190654993, 1.019041014765909e-11, 1.0403153893889794e-08, 2.2252652498444547e-10, 2.3214546729377616e-07, 4.579016632533239e-08, 2.7258462154122753e-08, 1.8096333320727354e-08, 7.555204795117731e-10, 2.767538975767536e-10, 3.021866845642762e-08, 1.446499009460922e-08, 7.354602704623403e-09, 1.2834070730605163e-06, 2.015244859876475e-08, 3.0039917775503966e-10, 1.70992464632036e-08, 1.5703315625614778e-07]
Max probability is: 0.93114
Classes with max probability: [28]
Case 53:
[4.459808633505702e-10, 3.9463227065501816e-13, 1.2006468952732718e-12, 2.398715392981643e-10, 0.0006915905396454036, 3.6667530123324354e-11, 3.0061494959987556e-11, 3.239146451061714e-11, 2.3877079868839246e-08, 6.165354005105428e-09, 0.9355467557907104, 1.087673787841803e-11, 2.9556000008534866e-11, 8.173716703474554e-10, 2.8399360640918303e-10, 2.9606146093735797e-12, 2.5962419714087304e-11, 1.1123729715123432e-09, 3.2217934917144753e-12, 1.28406606094561e-12, 4.1642795982343994e-12, 1.7599279672486645e-11, 3.553666041988812e-12, 2.05682870735302e-09, 2.5234353495662276e-10, 3.982924923207065e-08, 8.855599809010073e-09, 2.0422514790396917e-09, 0.06375723332166672, 4.43241424363805e-06, 8.837532268490822e-12, 3.645372545491021e-11, 1.1063197883839915e-12, 2.900442663822389e-10, 4.207047510362827e-08, 2.908634791354281e-11, 8.295792872092811e-12, 8.27468871200665e-10, 3.57201377851335e-12, 1.1450961706627183e-10, 9.341738320400861e-12, 7.282938141450757e-11, 2.2848891667592852e-09, 3.413079541214614e-11, 8.248526861542871e-11, 6.50750980879522e-11, 3.3515735964328996e-08]
Max probability is: 0.935547
Classes with max probability: [10]
Case 54:
[3.5724106339785067e-08, 3.2936882110590204e-09, 3.5642211404507407e-09, 0.00011279361933702603, 8.594509381509852e-06, 7.167529347817947e-10, 4.3135525706894384e-10, 1.188822352560237e-05, 0.9987702965736389, 5.399578640208347e-06, 1.259850179735622e-08, 8.182052368965742e-09, 9.496503480477259e-06, 2.0251323187836512e-11, 1.9228723147080018e-07, 7.217294998944877e-15, 3.5615213556106085e-10, 6.064315130061004e-07, 1.9635144204999122e-11, 1.403906435548663e-10, 1.8340671886107884e-05, 2.5462816299892665e-09, 2.052230956905987e-05, 2.596702231016934e-08, 0.0005107150063849986, 5.5115828567764424e-11, 7.36488958708037e-09, 0.00013310732902027667, 0.00037604040699079633, 4.468111436395361e-10, 1.5051459456572047e-07, 2.126449726347346e-05, 6.516963357849903e-11, 4.3085288115030096e-10, 7.080506492229688e-08, 9.922794808048252e-10, 1.2484655531608269e-09, 1.2454741238343559e-08, 9.298961045622889e-10, 2.366452367397187e-09, 1.4262528047481737e-08, 6.24284512973361e-11, 4.2654293985755487e-10, 5.93375515389738e-10, 4.411235181578377e-07, 2.103317520152359e-09, 8.217511293651114e-08]
Max probability is: 0.99877
Classes with max probability: [8]
Case 55:
[3.266804782242616e-08, 4.484582483144095e-09, 1.7604932054382516e-06, 0.8860164284706116, 3.928747901227325e-06, 3.7478167236315585e-09, 1.4353215664619778e-11, 8.66841510287486e-05, 0.0010847229277715087, 9.104390130687534e-08, 7.015244705144141e-07, 2.7220612537348643e-05, 0.0024704276584088802, 1.1248328934954088e-09, 2.9042976734672266e-07, 1.1145290419734e-12, 6.898244753195115e-10, 5.177590992389014e-06, 1.5134167530295173e-10, 5.388792079230598e-09, 0.00035987692535854876, 2.6853713279706426e-06, 2.3041709482640726e-06, 5.937679929957085e-07, 0.08100293576717377, 6.63307853088213e-10, 4.349226756517055e-09, 0.022436050698161125, 0.006195019464939833, 3.2105849090413585e-09, 3.4535793247414404e-07, 5.800864164484665e-05, 7.814108388126684e-11, 2.718886626951189e-08, 1.7937901830578085e-08, 1.2410365002324397e-07, 8.93634855003711e-09, 1.0316437704105397e-09, 9.45101589877595e-07, 8.329789125127718e-06, 1.9422282093728427e-06, 2.014717104259489e-08, 8.16543447440532e-12, 2.1276001405112765e-08, 3.892055744358913e-08, 4.490039202664775e-07, 0.00023266297648660839]
Max probability is: 0.886016
Classes with max probability: [3]
Case 56:
[1.6814353243077562e-09, 8.608825319278424e-10, 1.6651127054956305e-07, 0.02558923326432705, 1.200418751068355e-06, 8.317567190552211e-10, 2.3438451971381086e-14, 3.4243232693853543e-09, 1.2381639180603088e-06, 1.5369497341488625e-10, 5.499107373907464e-06, 4.841790612886143e-08, 4.712800546258222e-06, 4.494245531283525e-10, 7.511357646983186e-10, 9.621199914240999e-14, 1.6196942875454368e-12, 6.466719604247828e-09, 1.2794008474176222e-12, 4.5726509384502734e-11, 7.965143595356494e-06, 1.3709904322922739e-08, 4.480499860015641e-10, 5.533729208195837e-08, 0.0008847624412737787, 7.571619546620223e-12, 7.738394813827654e-09, 8.793858432909474e-05, 0.9733116626739502, 4.049047319654164e-09, 9.110921045385467e-11, 2.7782435907397485e-08, 1.3925091982280868e-11, 5.038627848286126e-10, 4.59898297222594e-09, 1.6739522962216924e-11, 7.852272651542869e-12, 9.016475066569996e-12, 7.030967594801041e-07, 5.589047091802968e-08, 0.00010469739936525002, 1.5641821171641368e-09, 3.0340828590866287e-13, 1.3897722972444626e-09, 7.444692085023519e-10, 8.318741251400752e-10, 1.9808183981950833e-09]
Max probability is: 0.973312
Classes with max probability: [28]
Case 57:
[1.866285082030572e-08, 8.513233867857295e-11, 2.3831379092342786e-09, 5.154937525730929e-07, 0.019888438284397125, 3.4989227071235973e-09, 1.0616555551345996e-10, 9.665760813959423e-08, 7.104891119524837e-05, 7.000061941653257e-06, 0.022867843508720398, 1.0784821924403332e-08, 7.893611382314702e-07, 1.5327233926498707e-09, 3.246073965179619e-10, 6.118588022512353e-16, 7.632600107498888e-10, 7.337442320398679e-10, 2.9967352384308032e-12, 1.3117693563324817e-11, 7.18341830463487e-09, 2.0508295062171555e-10, 1.4650449031705648e-07, 1.3892743311316735e-07, 2.6769350824906724e-06, 1.6694742255296546e-09, 2.6438139871798327e-11, 1.0285671123710927e-06, 0.9571332931518555, 2.5846698918030597e-05, 2.4984121438365037e-09, 7.235130827787373e-10, 7.200245955019113e-10, 4.488566185401055e-10, 3.7235412975178406e-08, 1.5021599242270867e-10, 6.333678373438012e-12, 6.656856843534342e-09, 4.7969859195973186e-09, 5.453092838392237e-12, 5.939053693282403e-09, 2.2475504790619993e-10, 1.8557065573077125e-07, 8.436597254135592e-11, 7.843791536288336e-07, 1.539589636334604e-11, 3.0502825265621425e-10]
Max probability is: 0.957133
Classes with max probability: [28]
Case 58:
[7.089008704497246e-06, 1.7144237141053509e-09, 3.247888344048988e-06, 0.9956226944923401, 0.00046288323937915266, 3.319176530847123e-11, 4.661922901050275e-07, 6.028697612237011e-07, 0.000823328155092895, 3.776063977056765e-07, 0.000374114461010322, 2.5320380245830165e-06, 0.00010276091052219272, 4.305861889264406e-09, 9.223282177117653e-06, 6.128648237790912e-07, 4.513709850328951e-09, 1.0137448043678887e-05, 6.120479123516986e-10, 2.2220095985403532e-08, 2.5899447791744024e-05, 2.149974534404464e-06, 9.257853889721446e-06, 5.737626906920923e-07, 0.0021002108696848154, 1.3799219544807784e-08, 4.8468489666220194e-08, 1.3572082025348209e-05, 2.4349546947632916e-05, 6.951513569219969e-07, 2.7473818775547443e-08, 2.4543800464016385e-05, 8.303930876252252e-09, 1.1320744341958289e-08, 2.8501651172518905e-07, 2.982829627740102e-08, 2.8620488201624994e-09, 9.387040478259223e-08, 5.567280414453535e-09, 8.317650213029992e-07, 1.2617918400792405e-05, 3.469525609034463e-07, 5.714543949153494e-09, 3.946731830239969e-09, 5.220739751621295e-08, 8.558077979614609e-07, 0.0003634988097473979]
Max probability is: 0.995623
Classes with max probability: [3]
Case 59:
[6.697313814640893e-10, 5.327326357829065e-10, 1.169618402130368e-09, 6.324650314581959e-08, 9.778794265002944e-06, 2.652988505963405e-14, 9.377990828340899e-09, 5.399005686967939e-09, 0.0002634862903505564, 7.05691860503066e-09, 1.4137942205838527e-10, 4.841477263539673e-08, 1.5099938082130393e-06, 4.383675020203093e-11, 2.273194132929035e-10, 2.608839533291274e-11, 2.72079043323048e-11, 3.358869662406505e-07, 8.347836311095591e-12, 1.9906774006983596e-09, 1.361046997772064e-06, 1.0718717931013089e-06, 1.6362533550307035e-09, 6.910413574701124e-09, 0.00010231268242932856, 3.8321573019896304e-13, 6.768629212672295e-09, 6.814631348106559e-08, 0.999619722366333, 1.3480263572063222e-09, 4.801084529937327e-10, 1.9208613366572536e-08, 5.385139556501883e-10, 2.2378873754114181e-10, 1.1351497519740406e-09, 3.1906277619953016e-09, 2.2541234157014145e-10, 1.1328673416022284e-10, 9.148582065521271e-12, 3.2420042206382504e-09, 8.58866519570789e-11, 3.575995749516281e-11, 1.1559297269370106e-10, 1.367818219799588e-10, 3.7055367663185734e-09, 5.511283518444543e-08, 1.0552131612939775e-07]
Max probability is: 0.99962
Classes with max probability: [28]
Case 60:
[2.107955765495717e-08, 1.606251069652398e-11, 3.3319880188287243e-10, 2.559090148679388e-07, 0.002719890559092164, 3.698641046212536e-11, 8.812339746810949e-10, 2.401491094872199e-08, 6.059151047566047e-08, 5.328972747520311e-06, 0.9461735486984253, 2.6790403229171034e-09, 5.760506951446587e-07, 5.6560828909368865e-08, 4.01302067132292e-08, 3.6367475697574037e-10, 6.201970048635985e-10, 2.009675981184955e-09, 3.5856935476363816e-11, 1.6706294680979283e-10, 1.3977721202707016e-08, 1.6430888594154425e-10, 1.3409619192827904e-08, 1.1063527693977449e-07, 2.761339601420332e-07, 1.708090913155047e-08, 2.8214294900408277e-08, 2.5142281856460613e-07, 0.05019703507423401, 0.0009002463193610311, 1.0637310476901973e-10, 3.26816831375254e-08, 1.3774219542739274e-09, 3.318019992093468e-08, 1.4359397937369067e-07, 2.0620019469674844e-08, 2.641058483021652e-10, 1.2104112556698965e-07, 5.378322787130685e-10, 4.653913698859924e-09, 3.569252893242947e-09, 5.5377519458943425e-08, 8.636431658715082e-08, 1.432933494083244e-10, 2.825435885256411e-08, 1.116494630082343e-08, 1.8192300785813131e-06]
Max probability is: 0.946174
Classes with max probability: [10]
Case 61:
[1.8010543101354415e-07, 9.684949873189908e-06, 8.736095333006233e-05, 0.011696400120854378, 0.000888975802809, 2.1879951361825078e-07, 6.129543805855064e-08, 1.703464840829838e-05, 4.639961844077334e-05, 2.845632707249024e-06, 1.9095512016065186e-06, 0.10021568089723587, 0.02006039395928383, 3.613734861573903e-06, 6.160489647299983e-07, 2.497688278424448e-08, 2.0993738303332066e-07, 5.362294177757576e-05, 1.6662667912115126e-09, 5.3645571824745275e-06, 2.9296961656655185e-05, 8.305544838549395e-07, 1.6448617543574073e-06, 1.7916466958922683e-06, 0.282941997051239, 9.876961470922652e-09, 2.68079531906551e-07, 0.5517232418060303, 0.0005379855865612626, 4.0459247063751036e-10, 5.739505922974786e-06, 2.9786717277602293e-05, 3.2223215384874493e-07, 6.182967240420112e-07, 8.674680174181049e-08, 1.1970705600106157e-05, 1.1894902854692191e-05, 6.927695084257834e-10, 5.385160761761654e-07, 0.0015921049052849412, 2.5287865810241783e-06, 0.00016529462300240993, 5.891077070607764e-10, 1.244422765012132e-05, 1.230249836225994e-05, 0.027073785662651062, 0.002752915723249316]
Max probability is: 0.551723
Classes with max probability: [27]
Case 62:
[4.162749700498125e-09, 7.373638144514416e-09, 7.0389680750793104e-09, 2.380628956188957e-07, 3.726020804606378e-05, 5.416234274231366e-14, 4.5541423077111176e-08, 1.0593439903061608e-08, 0.0021670605055987835, 2.1437902120169383e-08, 1.959701512177503e-09, 2.843901484084199e-06, 1.9495305423333775e-06, 3.008145732508183e-09, 4.2845291203796876e-10, 1.8955886860183568e-10, 1.285916512161478e-10, 3.0929797389944724e-07, 4.447744395008613e-09, 4.852096324725608e-08, 3.8570638025703374e-06, 5.185208283364773e-05, 2.10760919827635e-08, 1.285450110799502e-07, 0.00023061542015057057, 3.195560135949016e-12, 2.9369505938348084e-08, 5.940137839388626e-07, 0.9974879026412964, 3.449180141501529e-08, 6.326597468131467e-09, 3.3156635481645935e-07, 3.35812941898439e-08, 7.577569505201609e-08, 6.640895611198516e-10, 1.24623256851919e-05, 3.6650842361041214e-08, 2.7511419808945448e-09, 6.311032252348525e-11, 3.4111016233850933e-09, 3.453117652929549e-11, 5.111173151384207e-10, 1.0777495340619225e-08, 2.490521122666678e-10, 5.507181910502368e-08, 2.387795916547475e-07, 1.948359567904845e-06]
Max probability is: 0.997488
Classes with max probability: []
Case 63:
[2.0170200514257886e-06, 2.8535032470244914e-07, 1.9265813477886695e-07, 2.427635479307355e-07, 7.931400432426017e-06, 6.460581375433705e-11, 1.4746593706149724e-06, 2.7060480078944238e-08, 4.297226951166522e-06, 5.281889414732177e-08, 2.27361653060143e-07, 3.254582168210618e-07, 1.7926879536389606e-07, 9.848304394211027e-10, 8.060112577368272e-08, 2.980735416713287e-06, 1.849070940806996e-08, 7.770908609927574e-07, 6.228554411791265e-05, 5.249219157121843e-06, 3.629753564382554e-06, 0.9993997812271118, 1.657016127865063e-06, 4.902880846202606e-06, 3.98009033233393e-05, 1.5770515560120657e-08, 5.806317093792757e-10, 1.4394254677085883e-09, 3.9376818250502765e-08, 2.796100204704999e-07, 1.727411096108522e-11, 1.3441461305774283e-05, 4.4898264661696885e-08, 1.8190362425229978e-06, 8.450752875255318e-10, 1.455728033761261e-05, 1.9051114463763952e-07, 1.8544015745192155e-07, 2.026991552384061e-08, 4.127326747038751e-07, 3.9704076471025473e-07, 7.425182246834083e-08, 3.0824740093748915e-08, 3.997729702831521e-09, 8.435244724935842e-10, 2.669981711278524e-07, 0.0004297895065974444]
Max probability is: 0.9994
Classes with max probability: []
Case 64:
[1.0675281103544876e-08, 6.738695295131422e-14, 8.059293676865309e-09, 2.660562813616707e-06, 1.4443918416873203e-06, 1.3539434851050913e-10, 3.861011770717182e-12, 9.074675689710321e-13, 6.307898559043679e-08, 1.7807827695087708e-12, 0.9993730187416077, 9.861544740530359e-12, 1.5090984462062806e-08, 2.784064756511384e-09, 3.718064538974636e-13, 8.115272009945329e-09, 7.949440411492148e-11, 1.996033763621008e-12, 8.949130499147362e-13, 2.1887611167947796e-10, 9.829467018107607e-09, 1.9526390053481446e-12, 1.6425972994976723e-12, 1.805359507722759e-11, 1.578937917656731e-05, 5.537795222387842e-10, 1.934368754064053e-07, 4.208413617590168e-09, 0.0006043773610144854, 5.379965570262435e-12, 1.4829176775421615e-10, 7.65363050714285e-10, 1.1842519853644262e-08, 8.199769196970408e-10, 1.0647321246892716e-08, 1.730784049414069e-08, 2.077715635095956e-06, 6.759859894067688e-10, 2.1703212560453267e-09, 3.899628287385576e-13, 2.02188005005155e-07, 5.437473804548176e-10, 2.6218086035534327e-10, 1.030897678333531e-08, 8.820438268664077e-10, 5.8150117610011876e-08, 1.893675667663519e-11]
Max probability is: 0.999373
Classes with max probability: []
Case 65:
[7.05121627753158e-10, 1.6362662296604512e-14, 3.335918563607265e-08, 7.490164534829091e-06, 5.091965515902075e-09, 1.3811879417957584e-09, 2.301631616145796e-15, 3.421548461224333e-11, 1.977261732122315e-08, 2.300937218535637e-12, 4.940240160067333e-06, 1.818847406021007e-09, 1.347921624983428e-06, 6.826010590099685e-11, 3.325762381418615e-14, 2.7625273596454392e-11, 1.3007848921262055e-12, 3.188928071259922e-12, 1.907856901975369e-12, 1.367742507793479e-12, 8.721625732732718e-08, 1.6165195848572012e-09, 1.1788209297591834e-11, 6.65395238907962e-10, 3.4750776194414357e-06, 2.7169050342834566e-10, 1.8395636403045756e-10, 2.2968597690464776e-08, 0.9999810457229614, 2.29877677630037e-14, 3.4885601352119266e-11, 7.2138788276276955e-09, 1.0115115856024204e-08, 1.7007197428142717e-08, 2.7299396077040683e-09, 9.091062321345267e-13, 1.24832121636137e-12, 8.895487970360383e-13, 9.514863563708786e-08, 1.9083601018876628e-11, 1.3481877658705343e-06, 1.1614374392787674e-11, 6.041568904805296e-16, 2.4082386085311214e-10, 5.972182384045288e-13, 7.872572638234487e-08, 1.1711050532103862e-11]
Max probability is: 0.999981
Classes with max probability: []
[12] 12
[25] 25
[40] 40
[29] 29
[8] 8
[12] 12
[40] 40
[29] 29
[12] 12
[40] 40
[29] 29
[10] 12
[12] 40
[34] 29
[40] 10
[36] 24
[10] 28
[21] 21
[10] 10
[24] 24
[28] 28
[21] 21
[10] 10
[43] 43
[28] 28
[45] 45
[4] 4
[28] 28
[10] 10
[8] 8
[3] 45
[28] 4
[28] 28
[10] 10
[8] 8
[3] 3
[28] 28
[4] 4
[28] 28
[28] 10
[3] 3
[28] 28
[28] 4
[28] 28
[4] 28
[3] 3
[28] 28
[10] 4
[28] 28
[28] 10
[46] 46
[4] 4
[28] 28
[10] 10
[8] 8
[3] 3
[28] 28
[28] 28
[3] 3
[28] 28
[10] 10
[27] 24
[] 28
[] 21
[] 10
[] 28

Accuracy is: 72.72727272727273