[26, 12, 25, 40, 29, 8, 12, 40, 29, 12, 40, 29, 10, 12, 40, 29, 24, 28, 21, 10, 24, 28, 21, 10, 43, 28, 45, 4, 28, 10, 8, 3, 28, 10, 45, 4, 28, 10, 8, 3, 28, 4, 28, 10, 3, 28, 4, 28, 28, 3, 28, 4, 28, 10, 3, 28, 28, 24, 28, 21, 10, 28]
[26, 12, 25, 40, 29, 8, 12, 40, 29, 12, 40, 29, 12, 40, 29, 10, 24, 28, 21, 10, 24, 28, 21, 10, 43, 28, 45, 4, 28, 10, 8, 45, 4, 28, 10, 8, 3, 28, 4, 28, 10, 3, 28, 4, 28, 28, 3, 28, 4, 28, 10, 46, 4, 28, 10, 8, 3, 28, 28, 3, 28, 10, 24, 28, 21, 10, 28]
[26, 12, 25, 40, 29, 8, 12, 40, 29, 12, 40, 29, 24, 28, 21, 10, 24, 28, 21, 10, 43, 28, 15, 4, 28, 10, 8, 3, 28, 10, 15, 4, 28, 10, 8, 3, 28, 4, 28, 10, 3, 28, 10, 3, 28, 28, 24, 28, 21, 10, 28]
[26, 12, 25, 40, 29, 8, 12, 40, 29, 24, 28, 21, 10, 43, 28, 12, 40, 29, 10, 45, 4, 28, 10, 8, 12, 40, 29, 4, 28, 10, 3, 28, 4, 28, 28, 3, 28, 4, 28, 10, 46, 4, 4, 28, 10, 4, 28, 10, 8, 3, 28, 28, 3, 28, 10, 24, 28, 21, 10, 28, 35, 10]
[26, 12, 25, 40, 29, 8, 12, 40, 29, 12, 40, 29, 10, 12, 40, 29, 12, 40, 29, 24, 28, 21, 10, 24, 28, 21, 10, 43, 28, 45, 4, 28, 10, 8, 45, 4, 28, 10, 8, 3, 28, 4, 28, 10, 3, 28, 4, 28, 28, 3, 28, 4, 28, 10, 46, 4, 28, 10, 8, 3, 28, 28, 3, 28, 10, 24, 28, 21, 10, 28]
[26, 12, 25, 40, 29, 8, 12, 40, 29, 12, 40, 29, 12, 40, 29, 12, 40, 29, 10, 24, 28, 21, 10, 24, 28, 21, 10, 43, 28, 3, 28, 28, 31, 45, 4, 28, 10, 8, 3, 28, 4, 28, 10, 3, 28, 4, 28, 28, 3, 28, 4, 28, 10, 46, 4, 28, 10, 8, 3, 28, 28, 3, 28, 10, 27, 4, 4, 4, 4, 28, 10, 28, 10, 28, 24, 28]
[26, 12, 25, 40, 29, 8, 12, 40, 29, 24, 28, 21, 10, 24, 28, 21, 10, 43, 28, 46, 4, 28, 10, 24, 28, 21, 10, 8, 3, 28, 4, 28, 10, 46, 4, 28, 10, 24, 28, 21, 10, 24, 28, 21, 10, 28]
[26, 12, 25, 40, 29, 8, 12, 40, 29, 12, 40, 29, 10, 12, 40, 29, 12, 40, 29, 12, 40, 29, 10, 24, 28, 21, 10, 24, 28, 21, 10, 43, 28, 45, 4, 28, 10, 8, 45, 4, 28, 10, 8, 3, 28, 4, 28, 10, 3, 28, 4, 28, 28, 3, 28, 4, 28, 10, 46, 4, 28, 10, 8, 12, 40, 29, 4, 28, 10, 12, 40, 29, 4, 28, 10, 3, 28, 4, 28, 28, 46, 4, 28, 10, 24, 28, 21, 10, 28, 24, 28, 21, 10, 28]
[26, 12, 25, 40, 29, 8, 12, 40, 29, 12, 40, 29, 10, 12, 40, 29, 24, 28, 21, 10, 24, 28, 21, 10, 43, 28, 45, 4, 28, 10, 8, 3, 28, 10, 45, 4, 28, 10, 8, 3, 28, 4, 28, 10, 3, 28, 4, 28, 10, 3, 28, 4, 28, 28, 46, 4, 28, 10, 8, 3, 28, 28, 24, 28, 21, 10, 28, 35, 10]
[26, 12, 25, 40, 29, 8, 12, 40, 29, 12, 40, 29, 10, 12, 40, 29, 24, 28, 21, 10, 24, 28, 21, 10, 43, 28, 45, 4, 28, 10, 8, 3, 28, 10, 45, 4, 28, 10, 8, 3, 28, 4, 28, 10, 3, 28, 4, 28, 28, 3, 28, 4, 28, 10, 3, 28, 28, 24, 28, 21, 10, 28]
[26, 12, 25, 40, 29, 8, 12, 40, 29, 24, 28, 21, 10, 43, 28, 12, 40, 29, 39, 4, 4, 28, 10, 10, 10, 4, 28, 10, 24, 28, 21, 10, 28, 35, 10]
[26, 12, 25, 40, 29, 8, 12, 40, 29, 24, 28, 21, 10, 24, 28, 21, 10, 43, 28, 12, 40, 29, 10, 45, 4, 4, 28, 10, 4, 28, 10, 8, 46, 4, 28, 10, 8, 3, 28, 28, 3, 28, 10, 3, 28, 4, 28, 10, 3, 28, 10, 24, 28, 21, 10, 28, 35, 10]
[26, 12, 25, 40, 29, 8, 12, 40, 29, 12, 40, 29, 24, 28, 21, 10, 24, 28, 21, 10, 43, 28, 15, 4, 28, 10, 8, 3, 28, 10, 15, 4, 28, 10, 8, 3, 28, 4, 28, 10, 3, 28, 10, 3, 28, 28, 24, 28, 21, 10, 28]
[26, 12, 25, 40, 29, 8, 12, 40, 29, 12, 40, 29, 24, 28, 21, 10, 24, 28, 21, 10, 43, 28, 15, 4, 28, 10, 8, 3, 28, 10, 15, 4, 28, 10, 8, 3, 28, 4, 28, 10, 3, 28, 10, 3, 28, 28, 24, 28, 21, 10, 28, 35, 10]
[26, 12, 25, 40, 29, 8, 12, 40, 29, 12, 40, 29, 24, 28, 21, 10, 24, 28, 21, 10, 43, 28, 15, 4, 28, 10, 8, 3, 28, 10, 15, 4, 28, 10, 8, 3, 28, 4, 28, 10, 3, 28, 10, 3, 28, 28, 24, 28, 21, 10, 28, 35, 10]
[26, 12, 25, 40, 29, 8, 12, 40, 29, 12, 40, 29, 10, 12, 40, 29, 24, 28, 21, 10, 24, 28, 21, 10, 43, 28, 45, 4, 28, 10, 8, 3, 28, 10, 45, 4, 28, 10, 8, 3, 28, 4, 28, 10, 3, 28, 4, 28, 28, 3, 28, 4, 28, 10, 3, 28, 28, 24, 28, 21, 10, 28]
[26, 12, 25, 40, 29, 8, 12, 40, 29, 12, 40, 29, 24, 28, 21, 10, 24, 28, 21, 10, 43, 28, 15, 4, 28, 10, 8, 3, 28, 10, 15, 4, 28, 10, 8, 3, 28, 4, 28, 10, 3, 28, 10, 3, 28, 28, 24, 28, 21, 10, 28]
[26, 12, 25, 40, 29, 8, 12, 40, 29, 12, 40, 29, 24, 28, 21, 10, 24, 28, 21, 10, 43, 28, 3, 28, 4, 28, 10, 46, 4, 28, 10, 8, 24, 28, 21, 10, 8, 46, 4, 28, 10, 24, 28, 21, 10, 24, 28, 21, 10, 28]
[26, 12, 25, 40, 29, 8, 12, 40, 29, 12, 40, 29, 12, 40, 29, 10, 24, 28, 21, 10, 24, 28, 21, 10, 43, 28, 45, 4, 28, 10, 8, 45, 4, 28, 10, 8, 3, 28, 4, 28, 10, 3, 28, 4, 28, 28, 3, 28, 4, 28, 10, 46, 4, 28, 10, 8, 3, 28, 28, 3, 28, 10, 24, 28, 21, 10, 28]
[26, 12, 25, 40, 29, 8, 12, 40, 29, 24, 28, 21, 10, 43, 28, 12, 40, 29, 10, 45, 4, 28, 10, 8, 12, 40, 29, 4, 28, 10, 3, 28, 4, 28, 28, 3, 28, 4, 28, 10, 46, 4, 4, 28, 10, 4, 28, 10, 8, 3, 28, 28, 3, 28, 10, 24, 28, 21, 10, 28, 35, 10]
[26, 12, 25, 40, 29, 8, 12, 40, 29, 10, 12, 40, 29, 24, 28, 21, 10, 43, 28, 45, 4, 4, 28, 10, 4, 28, 10, 8, 46, 4, 28, 10, 8, 3, 28, 28, 3, 28, 10, 3, 28, 4, 28, 10, 3, 28, 10, 24, 28, 21, 10, 28, 35, 10]
[26, 12, 25, 40, 29, 8, 12, 40, 29, 12, 40, 29, 10, 24, 28, 21, 10, 43, 28, 45, 4, 4, 28, 28, 4, 28, 10, 8, 46, 4, 28, 28, 8, 3, 28, 28, 3, 28, 10, 12, 40, 29, 4, 28, 10, 3, 28, 4, 28, 10, 3, 28, 4, 28, 28, 24, 28, 21, 10, 28, 35, 10]
[26, 12, 25, 40, 29, 8, 12, 40, 29, 12, 40, 29, 12, 40, 29, 10, 24, 28, 21, 10, 24, 28, 21, 10, 43, 28, 45, 4, 28, 10, 8, 45, 4, 28, 10, 8, 3, 28, 4, 28, 10, 3, 28, 4, 28, 28, 3, 28, 4, 28, 10, 46, 4, 28, 10, 8, 3, 28, 28, 3, 28, 10, 24, 28, 21, 10, 28]
[26, 12, 25, 40, 29, 8, 12, 40, 29, 12, 40, 29, 24, 28, 21, 10, 24, 28, 21, 10, 43, 28, 15, 4, 28, 10, 8, 3, 28, 10, 15, 4, 28, 10, 8, 3, 28, 4, 28, 10, 3, 28, 10, 3, 28, 28, 24, 28, 21, 10, 28]
[26, 12, 25, 40, 29, 8, 12, 40, 29, 12, 40, 29, 12, 40, 29, 12, 40, 29, 10, 12, 40, 29, 12, 40, 29, 24, 28, 21, 10, 43, 28, 3, 28, 4, 24, 28, 21, 24, 28, 21, 24, 28, 21, 28, 10, 24, 28, 21, 10, 28, 3, 28, 28, 45, 4, 28, 10, 8, 3, 28, 4, 28, 10, 3, 28, 4, 28, 10, 3, 28, 4, 28, 28, 12, 40, 29, 4, 24, 28, 21, 24, 28, 21, 24, 28, 21, 28, 10, 3, 28, 28, 12, 40, 29, 10, 45, 4, 28, 10, 8, 3, 28, 4, 28, 10, 3, 28, 4, 28, 10, 3, 28, 4, 28, 28, 24, 28, 21, 10, 28, 35, 10]
[26, 12, 25, 40, 29, 8, 12, 40, 29, 12, 40, 29, 10, 12, 40, 29, 12, 40, 29, 12, 40, 29, 10, 24, 28, 21, 10, 24, 28, 21, 10, 43, 28, 31, 45, 4, 28, 10, 8, 3, 28, 4, 28, 10, 3, 28, 10, 3, 28, 28, 46, 4, 28, 10, 8, 3, 28, 28, 3, 28, 10, 3, 28, 10, 27, 8, 24, 28, 21, 10, 28, 35]
[26, 12, 25, 40, 29, 8, 12, 40, 29, 12, 40, 29, 12, 40, 29, 10, 12, 40, 29, 10, 24, 28, 21, 10, 24, 28, 21, 10, 43, 28, 23, 4, 28, 10, 8, 3, 28, 4, 28, 10, 3, 28, 4, 28, 10, 3, 28, 4, 28, 28, 46, 4, 28, 10, 8, 3, 28, 28, 24, 28, 21, 10, 28, 31, 46, 4, 28, 10, 8, 3, 28, 4, 28, 10, 3, 28, 4, 28, 10, 3, 28, 4, 28, 28, 46, 4, 28, 10, 8, 3, 28, 28, 3, 28, 10, 27, 24, 28, 21, 10, 28]
[26, 12, 25, 40, 29, 8, 12, 40, 29, 12, 40, 29, 12, 40, 29, 10, 12, 40, 29, 24, 28, 21, 10, 24, 28, 21, 10, 43, 28, 3, 28, 28, 15, 4, 28, 10, 8, 3, 28, 10, 45, 28, 8, 3, 28, 4, 28, 10, 3, 28, 4, 28, 28, 3, 28, 4, 28, 10, 3, 28, 28, 24, 28, 21, 10, 28]
[26, 12, 25, 40, 29, 8, 12, 40, 29, 12, 40, 29, 12, 40, 29, 10, 24, 28, 21, 10, 24, 28, 21, 10, 43, 28, 15, 4, 28, 10, 8, 3, 28, 10, 45, 28, 8, 3, 28, 4, 28, 10, 3, 28, 28, 3, 28, 4, 28, 10, 3, 28, 28, 24, 28, 21, 10, 28]
[26, 12, 25, 40, 29, 8, 12, 40, 29, 12, 40, 29, 10, 12, 40, 29, 24, 28, 21, 10, 24, 28, 21, 10, 43, 28, 31, 45, 4, 28, 10, 8, 3, 28, 4, 28, 10, 3, 28, 28, 3, 28, 4, 28, 10, 46, 4, 28, 10, 24, 28, 21, 10, 28, 8, 3, 28, 28, 3, 28, 10, 27]
[26, 12, 25, 40, 29, 8, 12, 40, 29, 12, 40, 29, 12, 40, 29, 10, 12, 40, 29, 10, 24, 28, 21, 10, 24, 28, 21, 10, 43, 28, 23, 4, 28, 10, 8, 3, 28, 4, 28, 10, 3, 28, 4, 28, 10, 3, 28, 4, 28, 28, 31, 46, 4, 28, 10, 8, 3, 28, 4, 28, 10, 3, 28, 4, 28, 10, 3, 28, 4, 28, 28, 46, 4, 28, 10, 8, 3, 28, 28, 3, 28, 10, 27, 24, 28, 21, 10, 28]
[26, 12, 25, 40, 29, 8, 12, 40, 29, 12, 40, 29, 12, 40, 29, 10, 12, 40, 29, 12, 40, 29, 12, 40, 29, 10, 24, 28, 21, 10, 24, 28, 21, 10, 43, 28, 45, 4, 28, 10, 8, 3, 28, 4, 28, 10, 3, 28, 4, 28, 10, 3, 28, 4, 28, 28, 24, 28, 21, 10, 28, 31, 23, 4, 28, 10, 8, 3, 28, 4, 28, 10, 3, 28, 4, 28, 10, 3, 28, 4, 4, 28, 28, 28, 46, 4, 28, 10, 8, 27, 8, 24, 28, 21, 10, 28]
[26, 12, 25, 40, 29, 8, 12, 40, 29, 12, 40, 29, 12, 40, 29, 12, 40, 29, 24, 28, 21, 10, 24, 28, 21, 10, 43, 28, 31, 3, 28, 10, 45, 4, 28, 10, 8, 3, 28, 4, 28, 10, 3, 28, 28, 3, 28, 4, 28, 10, 46, 4, 28, 10, 8, 24, 28, 21, 10, 28, 8, 3, 28, 28, 27]
[26, 12, 25, 40, 29, 8, 12, 40, 29, 12, 40, 29, 10, 12, 40, 29, 12, 40, 29, 12, 40, 29, 10, 24, 28, 21, 10, 24, 28, 21, 10, 43, 28, 45, 4, 28, 10, 8, 3, 28, 4, 28, 10, 3, 28, 4, 28, 10, 3, 28, 4, 28, 28, 24, 28, 21, 10, 28, 27, 31, 45, 4, 28, 10, 8, 3, 28, 4, 28, 10, 3, 28, 4, 28, 10, 3, 28, 4, 4, 28, 28, 28, 46, 4, 28, 10, 8, 27, 8, 24, 28, 21, 10, 28]
[26, 12, 25, 40, 29, 8, 12, 40, 29, 12, 40, 29, 12, 40, 29, 12, 40, 29, 3, 28, 10, 24, 28, 21, 10, 24, 28, 21, 10, 43, 28, 31, 45, 4, 28, 10, 8, 3, 28, 4, 28, 10, 3, 28, 4, 28, 28, 3, 28, 4, 28, 10, 46, 4, 28, 10, 8, 3, 28, 28, 3, 28, 10, 27, 24, 28, 21, 10, 28]
[26, 12, 25, 40, 29, 8, 12, 40, 29, 10, 12, 40, 29, 12, 40, 29, 24, 28, 21, 10, 24, 28, 21, 10, 43, 28, 31, 45, 4, 28, 10, 8, 3, 28, 4, 28, 10, 3, 28, 4, 28, 28, 3, 28, 4, 28, 10, 46, 4, 28, 10, 8, 27, 8, 24, 28, 21, 10, 28]
[26, 12, 25, 40, 29, 8, 12, 40, 29, 12, 40, 29, 10, 12, 40, 29, 24, 28, 21, 10, 24, 28, 21, 10, 43, 28, 45, 4, 28, 10, 8, 3, 28, 4, 28, 10, 3, 28, 4, 28, 28, 3, 28, 4, 28, 10, 46, 4, 4, 28, 10, 4, 28, 10, 8, 3, 28, 28, 3, 28, 10, 11, 24, 28, 21, 10, 28]
[26, 12, 25, 40, 29, 8, 12, 40, 29, 12, 40, 29, 12, 40, 29, 12, 40, 29, 12, 40, 29, 10, 12, 40, 29, 24, 28, 21, 10, 24, 28, 21, 10, 43, 28, 45, 4, 28, 10, 8, 3, 28, 4, 28, 10, 3, 28, 4, 28, 28, 3, 28, 4, 28, 10, 31, 46, 4, 28, 10, 8, 3, 28, 28, 3, 28, 10, 45, 4, 28, 10, 8, 3, 28, 4, 28, 10, 3, 28, 4, 28, 28, 3, 28, 4, 28, 10, 46, 4, 28, 10, 27, 24, 28, 21, 10, 28]
[26, 12, 25, 40, 29, 8, 12, 40, 29, 12, 40, 29, 10, 24, 28, 21, 10, 24, 28, 21, 10, 43, 28, 31, 45, 4, 28, 10, 8, 3, 28, 4, 28, 10, 3, 28, 28, 3, 28, 4, 28, 10, 46, 4, 28, 10, 27, 24, 28, 21, 10, 28]
[26, 12, 25, 40, 29, 8, 12, 40, 29, 12, 40, 29, 12, 40, 29, 10, 24, 28, 21, 10, 24, 28, 21, 10, 43, 28, 31, 45, 4, 28, 10, 8, 3, 28, 4, 28, 10, 3, 28, 4, 28, 28, 3, 28, 4, 28, 10, 46, 4, 28, 10, 8, 3, 28, 28, 3, 28, 10, 27, 24, 28, 21, 10, 28]
[26, 12, 25, 40, 29, 8, 12, 40, 29, 12, 40, 29, 10, 12, 40, 29, 24, 28, 21, 10, 24, 28, 21, 10, 43, 28, 31, 45, 4, 28, 10, 8, 3, 28, 4, 28, 10, 3, 28, 4, 28, 28, 3, 28, 4, 28, 10, 46, 4, 28, 10, 8, 3, 28, 28, 3, 28, 10, 27, 8, 24, 28, 21, 10, 28]
[26, 12, 25, 40, 29, 8, 12, 40, 29, 12, 40, 29, 12, 40, 29, 10, 12, 40, 29, 12, 40, 29, 12, 40, 29, 24, 28, 21, 10, 24, 28, 21, 10, 43, 28, 45, 4, 28, 10, 8, 3, 28, 4, 28, 10, 3, 28, 28, 3, 28, 10, 31, 46, 4, 28, 10, 8, 3, 28, 28, 3, 28, 10, 45, 4, 28, 10, 8, 3, 28, 4, 28, 10, 3, 28, 28, 3, 28, 10, 46, 4, 28, 10, 8, 27, 24, 28, 21, 10, 28]
[26, 12, 25, 40, 29, 8, 12, 40, 29, 12, 40, 29, 12, 40, 29, 10, 24, 28, 21, 10, 24, 28, 21, 10, 43, 28, 31, 45, 4, 28, 10, 8, 3, 28, 4, 28, 10, 3, 28, 4, 28, 28, 3, 28, 4, 28, 10, 46, 4, 28, 10, 8, 3, 28, 28, 3, 28, 10, 27, 8, 24, 28, 21, 10, 28]
[26, 12, 25, 40, 29, 8, 12, 40, 29, 24, 28, 21, 10, 24, 28, 21, 10, 43, 28, 12, 40, 29, 10, 12, 40, 29, 12, 40, 29, 28, 45, 4, 28, 10, 8, 45, 4, 28, 10, 8, 3, 28, 4, 28, 10, 3, 28, 28, 3, 28, 4, 28, 10, 3, 28, 28, 3, 28, 10, 24, 28, 21, 10, 28]
[26, 12, 25, 40, 29, 8, 12, 40, 29, 24, 28, 21, 10, 24, 28, 21, 10, 43, 28, 12, 40, 29, 12, 40, 29, 3, 28, 10, 45, 4, 28, 10, 8, 45, 4, 28, 10, 8, 3, 28, 4, 28, 10, 3, 28, 28, 3, 28, 4, 28, 10, 46, 4, 28, 10, 8, 3, 28, 28, 3, 28, 10, 24, 28, 21, 10, 28]
