[26, 12, 25, 40, 29, 8, 12, 40, 29, 12, 40, 29, 10, 12, 40, 29, 24, 28, 21, 10, 24, 28, 21, 10, 62, 28, 45, 58, 28, 10, 8, 3, 28, 10, 45, 54, 28, 10, 8, 3, 28, 50, 28, 10, 3, 28, 4, 28, 28, 3, 28, 49, 28, 10, 3, 28, 28, 24, 28, 21, 10, 28]
[26, 12, 25, 40, 29, 8, 12, 40, 29, 12, 40, 29, 12, 40, 29, 10, 24, 28, 21, 10, 24, 28, 21, 10, 62, 28, 45, 55, 28, 10, 8, 45, 54, 28, 10, 8, 3, 28, 50, 28, 10, 3, 28, 4, 28, 28, 3, 28, 49, 28, 10, 46, 55, 28, 10, 8, 3, 28, 28, 3, 28, 10, 24, 28, 21, 10, 28]
[26, 12, 25, 40, 29, 8, 12, 40, 29, 12, 40, 29, 24, 28, 21, 10, 24, 28, 21, 10, 62, 28, 15, 55, 28, 10, 8, 3, 28, 10, 15, 55, 28, 10, 8, 3, 28, 50, 28, 10, 3, 28, 10, 3, 28, 28, 24, 28, 21, 10, 28]
[26, 12, 25, 40, 29, 8, 12, 40, 29, 24, 28, 21, 10, 62, 28, 12, 40, 29, 10, 45, 55, 28, 10, 8, 12, 40, 29, 50, 28, 10, 3, 28, 4, 28, 28, 3, 28, 49, 28, 10, 46, 59, 53, 28, 10, 55, 28, 10, 8, 3, 28, 28, 3, 28, 10, 24, 28, 21, 10, 28, 35, 10]
[26, 12, 25, 40, 29, 8, 12, 40, 29, 12, 40, 29, 10, 12, 40, 29, 12, 40, 29, 24, 28, 21, 10, 24, 28, 21, 10, 62, 28, 45, 55, 28, 10, 8, 45, 55, 28, 10, 8, 3, 28, 50, 28, 10, 3, 28, 4, 28, 28, 3, 28, 49, 28, 10, 46, 55, 28, 10, 8, 3, 28, 28, 3, 28, 10, 24, 28, 21, 10, 28]
[26, 12, 25, 40, 29, 8, 12, 40, 29, 12, 40, 29, 12, 40, 29, 12, 40, 29, 10, 24, 28, 21, 10, 24, 28, 21, 10, 62, 28, 3, 28, 28, 31, 45, 55, 28, 10, 8, 3, 28, 50, 28, 10, 3, 28, 4, 28, 28, 3, 28, 49, 28, 10, 46, 55, 28, 10, 8, 3, 28, 28, 3, 28, 10, 27, 66, 66, 66, 66, 28, 10, 28, 10, 28, 24, 28]
[26, 12, 25, 40, 29, 8, 12, 40, 29, 24, 28, 21, 10, 24, 28, 21, 10, 62, 28, 46, 53, 28, 10, 24, 28, 21, 10, 8, 3, 28, 50, 28, 10, 46, 53, 28, 10, 24, 28, 21, 10, 24, 28, 21, 10, 28]
[26, 12, 25, 40, 29, 8, 12, 40, 29, 12, 40, 29, 10, 12, 40, 29, 12, 40, 29, 12, 40, 29, 10, 24, 28, 21, 10, 24, 28, 21, 10, 62, 28, 45, 55, 28, 10, 8, 45, 55, 28, 10, 8, 3, 28, 50, 28, 10, 3, 28, 4, 28, 28, 3, 28, 49, 28, 10, 46, 55, 28, 10, 8, 12, 40, 29, 50, 28, 10, 12, 40, 29, 49, 28, 10, 3, 28, 4, 28, 28, 46, 56, 28, 10, 24, 28, 21, 10, 28, 24, 28, 21, 10, 28]
[26, 12, 25, 40, 29, 8, 12, 40, 29, 12, 40, 29, 10, 12, 40, 29, 24, 28, 21, 10, 24, 28, 21, 10, 62, 28, 45, 55, 28, 10, 8, 3, 28, 10, 45, 55, 28, 10, 8, 3, 28, 50, 28, 10, 3, 28, 49, 28, 10, 3, 28, 4, 28, 28, 46, 55, 28, 10, 8, 3, 28, 28, 24, 28, 21, 10, 28, 35, 10]
[26, 12, 25, 40, 29, 8, 12, 40, 29, 12, 40, 29, 10, 12, 40, 29, 24, 28, 21, 10, 24, 28, 21, 10, 62, 28, 45, 58, 28, 10, 8, 3, 28, 10, 45, 54, 28, 10, 8, 3, 28, 50, 28, 10, 3, 28, 4, 28, 28, 3, 28, 49, 28, 10, 3, 28, 28, 24, 28, 21, 10, 28]
[26, 12, 25, 40, 29, 8, 12, 40, 29, 24, 28, 21, 10, 62, 28, 12, 40, 29, 39, 53, 50, 28, 10, 10, 10, 50, 28, 10, 24, 28, 21, 10, 28, 35, 10]
[26, 12, 25, 40, 29, 8, 12, 40, 29, 24, 28, 21, 10, 24, 28, 21, 10, 62, 28, 12, 40, 29, 10, 45, 60, 55, 28, 10, 55, 28, 10, 8, 46, 53, 28, 10, 8, 3, 28, 28, 3, 28, 10, 3, 28, 50, 28, 10, 3, 28, 10, 24, 28, 21, 10, 28, 35, 10]
[26, 12, 25, 40, 29, 8, 12, 40, 29, 12, 40, 29, 24, 28, 21, 10, 24, 28, 21, 10, 62, 28, 15, 55, 28, 10, 8, 3, 28, 10, 15, 55, 28, 10, 8, 3, 28, 50, 28, 10, 3, 28, 10, 3, 28, 28, 24, 28, 21, 10, 28]
[26, 12, 25, 40, 29, 8, 12, 40, 29, 12, 40, 29, 24, 28, 21, 10, 24, 28, 21, 10, 62, 28, 15, 55, 28, 10, 8, 3, 28, 10, 15, 55, 28, 10, 8, 3, 28, 50, 28, 10, 3, 28, 10, 3, 28, 28, 24, 28, 21, 10, 28, 35, 10]
[26, 12, 25, 40, 29, 8, 12, 40, 29, 12, 40, 29, 24, 28, 21, 10, 24, 28, 21, 10, 62, 28, 15, 55, 28, 10, 8, 3, 28, 10, 15, 55, 28, 10, 8, 3, 28, 50, 28, 10, 3, 28, 10, 3, 28, 28, 24, 28, 21, 10, 28, 35, 10]
[26, 12, 25, 40, 29, 8, 12, 40, 29, 12, 40, 29, 10, 12, 40, 29, 24, 28, 21, 10, 24, 28, 21, 10, 62, 28, 45, 58, 28, 10, 8, 3, 28, 10, 45, 54, 28, 10, 8, 3, 28, 50, 28, 10, 3, 28, 4, 28, 28, 3, 28, 49, 28, 10, 3, 28, 28, 24, 28, 21, 10, 28]
[26, 12, 25, 40, 29, 8, 12, 40, 29, 12, 40, 29, 24, 28, 21, 10, 24, 28, 21, 10, 62, 28, 15, 55, 28, 10, 8, 3, 28, 10, 15, 55, 28, 10, 8, 3, 28, 50, 28, 10, 3, 28, 10, 3, 28, 28, 24, 28, 21, 10, 28]
[26, 12, 25, 40, 29, 8, 12, 40, 29, 12, 40, 29, 24, 28, 21, 10, 24, 28, 21, 10, 62, 28, 3, 28, 50, 28, 10, 46, 53, 28, 10, 8, 24, 28, 21, 10, 8, 46, 53, 28, 10, 24, 28, 21, 10, 24, 28, 21, 10, 28]
[26, 12, 25, 40, 29, 8, 12, 40, 29, 12, 40, 29, 12, 40, 29, 10, 24, 28, 21, 10, 24, 28, 21, 10, 62, 28, 45, 55, 28, 10, 8, 45, 54, 28, 10, 8, 3, 28, 50, 28, 10, 3, 28, 4, 28, 28, 3, 28, 49, 28, 10, 46, 55, 28, 10, 8, 3, 28, 28, 3, 28, 10, 24, 28, 21, 10, 28]
[26, 12, 25, 40, 29, 8, 12, 40, 29, 24, 28, 21, 10, 62, 28, 12, 40, 29, 10, 45, 55, 28, 10, 8, 12, 40, 29, 50, 28, 10, 3, 28, 4, 28, 28, 3, 28, 49, 28, 10, 46, 59, 53, 28, 10, 55, 28, 10, 8, 3, 28, 28, 3, 28, 10, 24, 28, 21, 10, 28, 35, 10]
[26, 12, 25, 40, 29, 8, 12, 40, 29, 10, 12, 40, 29, 24, 28, 21, 10, 62, 28, 45, 60, 55, 28, 10, 55, 28, 10, 8, 46, 53, 28, 10, 8, 3, 28, 28, 3, 28, 10, 3, 28, 50, 28, 10, 3, 28, 10, 24, 28, 21, 10, 28, 35, 10]
[26, 12, 25, 40, 29, 8, 12, 40, 29, 12, 40, 29, 10, 24, 28, 21, 10, 62, 28, 45, 60, 54, 28, 28, 58, 28, 10, 8, 46, 53, 28, 28, 8, 3, 28, 28, 3, 28, 10, 12, 40, 29, 50, 28, 10, 3, 28, 49, 28, 10, 3, 28, 4, 28, 28, 24, 28, 21, 10, 28, 35, 10]
[26, 12, 25, 40, 29, 8, 12, 40, 29, 12, 40, 29, 12, 40, 29, 10, 24, 28, 21, 10, 24, 28, 21, 10, 62, 28, 45, 55, 28, 10, 8, 45, 54, 28, 10, 8, 3, 28, 50, 28, 10, 3, 28, 4, 28, 28, 3, 28, 49, 28, 10, 46, 55, 28, 10, 8, 3, 28, 28, 3, 28, 10, 24, 28, 21, 10, 28]
[26, 12, 25, 40, 29, 8, 12, 40, 29, 12, 40, 29, 24, 28, 21, 10, 24, 28, 21, 10, 62, 28, 15, 55, 28, 10, 8, 3, 28, 10, 15, 55, 28, 10, 8, 3, 28, 50, 28, 10, 3, 28, 10, 3, 28, 28, 24, 28, 21, 10, 28]
[26, 12, 25, 40, 29, 8, 12, 40, 29, 12, 40, 29, 12, 40, 29, 12, 40, 29, 10, 12, 40, 29, 12, 40, 29, 24, 28, 21, 10, 62, 28, 3, 28, 4, 24, 28, 21, 24, 28, 21, 24, 28, 21, 28, 10, 24, 28, 21, 10, 28, 3, 28, 28, 45, 54, 28, 10, 8, 3, 28, 50, 28, 10, 3, 28, 49, 28, 10, 3, 28, 4, 28, 28, 12, 40, 29, 4, 24, 28, 21, 24, 28, 21, 24, 28, 21, 28, 10, 3, 28, 28, 12, 40, 29, 10, 45, 54, 28, 10, 8, 3, 28, 50, 28, 10, 3, 28, 49, 28, 10, 3, 28, 4, 28, 28, 24, 28, 21, 10, 28, 35, 10]
[26, 12, 25, 40, 29, 8, 12, 40, 29, 12, 40, 29, 10, 12, 40, 29, 12, 40, 29, 12, 40, 29, 10, 24, 28, 21, 10, 24, 28, 21, 10, 62, 28, 31, 45, 54, 28, 10, 8, 3, 28, 50, 28, 10, 3, 28, 10, 3, 28, 28, 46, 55, 28, 10, 8, 3, 28, 28, 3, 28, 10, 3, 28, 10, 27, 8, 24, 28, 21, 10, 28, 35]
[26, 12, 25, 40, 29, 8, 12, 40, 29, 12, 40, 29, 12, 40, 29, 10, 12, 40, 29, 10, 24, 28, 21, 10, 24, 28, 21, 10, 62, 28, 23, 55, 28, 10, 8, 3, 28, 50, 28, 10, 3, 28, 49, 28, 10, 3, 28, 4, 28, 28, 46, 56, 28, 10, 8, 3, 28, 28, 24, 28, 21, 10, 28, 31, 46, 55, 28, 10, 8, 3, 28, 50, 28, 10, 3, 28, 49, 28, 10, 3, 28, 4, 28, 28, 46, 55, 28, 10, 8, 3, 28, 28, 3, 28, 10, 27, 24, 28, 21, 10, 28]
[26, 12, 25, 40, 29, 8, 12, 40, 29, 12, 40, 29, 12, 40, 29, 10, 12, 40, 29, 24, 28, 21, 10, 24, 28, 21, 10, 62, 28, 3, 28, 28, 15, 55, 28, 10, 8, 3, 28, 10, 45, 28, 8, 3, 28, 50, 28, 10, 3, 28, 4, 28, 28, 3, 28, 49, 28, 10, 3, 28, 28, 24, 28, 21, 10, 28]
[26, 12, 25, 40, 29, 8, 12, 40, 29, 12, 40, 29, 12, 40, 29, 10, 24, 28, 21, 10, 24, 28, 21, 10, 62, 28, 15, 55, 28, 10, 8, 3, 28, 10, 45, 28, 8, 3, 28, 50, 28, 10, 3, 28, 28, 3, 28, 49, 28, 10, 3, 28, 28, 24, 28, 21, 10, 28]
[26, 12, 25, 40, 29, 8, 12, 40, 29, 12, 40, 29, 10, 12, 40, 29, 24, 28, 21, 10, 24, 28, 21, 10, 62, 28, 31, 45, 54, 28, 10, 8, 3, 28, 50, 28, 10, 3, 28, 28, 3, 28, 49, 28, 10, 46, 56, 28, 10, 24, 28, 21, 10, 28, 8, 3, 28, 28, 3, 28, 10, 27]
[26, 12, 25, 40, 29, 8, 12, 40, 29, 12, 40, 29, 12, 40, 29, 10, 12, 40, 29, 10, 24, 28, 21, 10, 24, 28, 21, 10, 62, 28, 23, 55, 28, 10, 8, 3, 28, 50, 28, 10, 3, 28, 49, 28, 10, 3, 28, 4, 28, 28, 31, 46, 55, 28, 10, 8, 3, 28, 50, 28, 10, 3, 28, 49, 28, 10, 3, 28, 4, 28, 28, 46, 55, 28, 10, 8, 3, 28, 28, 3, 28, 10, 27, 24, 28, 21, 10, 28]
[26, 12, 25, 40, 29, 8, 12, 40, 29, 12, 40, 29, 12, 40, 29, 10, 12, 40, 29, 12, 40, 29, 12, 40, 29, 10, 24, 28, 21, 10, 24, 28, 21, 10, 62, 28, 45, 55, 28, 10, 8, 3, 28, 50, 28, 10, 3, 28, 49, 28, 10, 3, 28, 4, 28, 28, 24, 28, 21, 10, 28, 31, 23, 55, 28, 10, 8, 3, 28, 50, 28, 10, 3, 28, 49, 28, 10, 3, 28, 4, 4, 28, 28, 28, 46, 55, 28, 10, 8, 27, 8, 24, 28, 21, 10, 28]
[26, 12, 25, 40, 29, 8, 12, 40, 29, 12, 40, 29, 12, 40, 29, 12, 40, 29, 24, 28, 21, 10, 24, 28, 21, 10, 62, 28, 31, 3, 28, 10, 45, 54, 28, 10, 8, 3, 28, 50, 28, 10, 3, 28, 28, 3, 28, 49, 28, 10, 46, 56, 28, 10, 8, 24, 28, 21, 10, 28, 8, 3, 28, 28, 27]
[26, 12, 25, 40, 29, 8, 12, 40, 29, 12, 40, 29, 10, 12, 40, 29, 12, 40, 29, 12, 40, 29, 10, 24, 28, 21, 10, 24, 28, 21, 10, 62, 28, 45, 55, 28, 10, 8, 3, 28, 50, 28, 10, 3, 28, 49, 28, 10, 3, 28, 4, 28, 28, 24, 28, 21, 10, 28, 27, 31, 45, 55, 28, 10, 8, 3, 28, 50, 28, 10, 3, 28, 49, 28, 10, 3, 28, 4, 4, 28, 28, 28, 46, 55, 28, 10, 8, 27, 8, 24, 28, 21, 10, 28]
[26, 12, 25, 40, 29, 8, 12, 40, 29, 12, 40, 29, 12, 40, 29, 12, 40, 29, 3, 28, 10, 24, 28, 21, 10, 24, 28, 21, 10, 62, 28, 31, 45, 55, 28, 10, 8, 3, 28, 50, 28, 10, 3, 28, 4, 28, 28, 3, 28, 49, 28, 10, 46, 55, 28, 10, 8, 3, 28, 28, 3, 28, 10, 27, 24, 28, 21, 10, 28]
[26, 12, 25, 40, 29, 8, 12, 40, 29, 10, 12, 40, 29, 12, 40, 29, 24, 28, 21, 10, 24, 28, 21, 10, 62, 28, 31, 45, 56, 28, 10, 8, 3, 28, 50, 28, 10, 3, 28, 4, 28, 28, 3, 28, 49, 28, 10, 46, 55, 28, 10, 8, 27, 8, 24, 28, 21, 10, 28]
[26, 12, 25, 40, 29, 8, 12, 40, 29, 12, 40, 29, 10, 12, 40, 29, 24, 28, 21, 10, 24, 28, 21, 10, 62, 28, 45, 54, 28, 10, 8, 3, 28, 50, 28, 10, 3, 28, 4, 28, 28, 3, 28, 49, 28, 10, 46, 59, 57, 28, 10, 55, 28, 10, 8, 3, 28, 28, 3, 28, 10, 11, 24, 28, 21, 10, 28]
[26, 12, 25, 40, 29, 8, 12, 40, 29, 12, 40, 29, 12, 40, 29, 12, 40, 29, 12, 40, 29, 10, 12, 40, 29, 24, 28, 21, 10, 24, 28, 21, 10, 62, 28, 45, 55, 28, 10, 8, 3, 28, 50, 28, 10, 3, 28, 4, 28, 28, 3, 28, 49, 28, 10, 31, 46, 55, 28, 10, 8, 3, 28, 28, 3, 28, 10, 45, 55, 28, 10, 8, 3, 28, 50, 28, 10, 3, 28, 4, 28, 28, 3, 28, 49, 28, 10, 46, 55, 28, 10, 27, 24, 28, 21, 10, 28]
[26, 12, 25, 40, 29, 8, 12, 40, 29, 12, 40, 29, 10, 24, 28, 21, 10, 24, 28, 21, 10, 62, 28, 31, 45, 55, 28, 10, 8, 3, 28, 50, 28, 10, 3, 28, 28, 3, 28, 49, 28, 10, 46, 55, 28, 10, 27, 24, 28, 21, 10, 28]
[26, 12, 25, 40, 29, 8, 12, 40, 29, 12, 40, 29, 12, 40, 29, 10, 24, 28, 21, 10, 24, 28, 21, 10, 62, 28, 31, 45, 55, 28, 10, 8, 3, 28, 50, 28, 10, 3, 28, 4, 28, 28, 3, 28, 49, 28, 10, 46, 55, 28, 10, 8, 3, 28, 28, 3, 28, 10, 27, 24, 28, 21, 10, 28]
[26, 12, 25, 40, 29, 8, 12, 40, 29, 12, 40, 29, 10, 12, 40, 29, 24, 28, 21, 10, 24, 28, 21, 10, 62, 28, 31, 45, 55, 28, 10, 8, 3, 28, 50, 28, 10, 3, 28, 4, 28, 28, 3, 28, 49, 28, 10, 46, 55, 28, 10, 8, 3, 28, 28, 3, 28, 10, 27, 8, 24, 28, 21, 10, 28]
[26, 12, 25, 40, 29, 8, 12, 40, 29, 12, 40, 29, 12, 40, 29, 10, 12, 40, 29, 12, 40, 29, 12, 40, 29, 24, 28, 21, 10, 24, 28, 21, 10, 62, 28, 45, 54, 28, 10, 8, 3, 28, 50, 28, 10, 3, 28, 28, 3, 28, 10, 31, 46, 55, 28, 10, 8, 3, 28, 28, 3, 28, 10, 45, 54, 28, 10, 8, 3, 28, 50, 28, 10, 3, 28, 28, 3, 28, 10, 46, 55, 28, 10, 8, 27, 24, 28, 21, 10, 28]
[26, 12, 25, 40, 29, 8, 12, 40, 29, 12, 40, 29, 12, 40, 29, 10, 24, 28, 21, 10, 24, 28, 21, 10, 62, 28, 31, 45, 55, 28, 10, 8, 3, 28, 50, 28, 10, 3, 28, 4, 28, 28, 3, 28, 49, 28, 10, 46, 55, 28, 10, 8, 3, 28, 28, 3, 28, 10, 27, 8, 24, 28, 21, 10, 28]
[26, 12, 25, 40, 29, 8, 12, 40, 29, 24, 28, 21, 10, 24, 28, 21, 10, 62, 28, 12, 40, 29, 10, 12, 40, 29, 12, 40, 29, 28, 45, 55, 28, 10, 8, 45, 54, 28, 10, 8, 3, 28, 50, 28, 10, 3, 28, 28, 3, 28, 49, 28, 10, 3, 28, 28, 3, 28, 10, 24, 28, 21, 10, 28]
[26, 12, 25, 40, 29, 8, 12, 40, 29, 24, 28, 21, 10, 24, 28, 21, 10, 62, 28, 12, 40, 29, 12, 40, 29, 3, 28, 10, 45, 55, 28, 10, 8, 45, 54, 28, 10, 8, 3, 28, 50, 28, 10, 3, 28, 28, 3, 28, 49, 28, 10, 46, 55, 28, 10, 8, 3, 28, 28, 3, 28, 10, 24, 28, 21, 10, 28]
